-3.523499036228727732e-05,2.096109951647016079e-01,2.269287701668319279e+00
-5.781428970183632998e-03,1.852612150896817411e-01,2.272648138131248885e+00
-1.094284916460930290e-02,1.596142191617628825e-01,2.274922850924942619e+00
-1.560413348084122021e-02,1.327012410518249030e-01,2.276103713679701102e+00
-1.983437308972835211e-02,1.045605057220704293e-01,2.276185962851182243e+00
-2.369051726759119347e-02,7.523696926083456304e-02,2.275168204306589281e+00
-2.721992287610719430e-02,4.478190321257091711e-02,2.273052372405241162e+00
-3.046228860296240626e-02,1.325233361761757322e-02,2.269843636637443041e+00
-3.345114016266670376e-02,-1.928964868331828342e-02,2.265550254928704987e+00
-3.621498334173001155e-02,-5.277768443788222186e-02,2.260183376109234032e+00
-3.621498334173001155e-02,-5.277768443788222186e-02,2.260183376109234032e+00
-3.877820791608677098e-02,-8.714202015826777448e-02,2.253756797321099903e+00
-4.116180283075099311e-02,-1.223104301575419495e-01,2.246286684363895336e+00
-4.338392950348968213e-02,-1.582091765997979405e-01,2.237791259251793452e+00
-4.546038198003987674e-02,-1.947639533185161476e-01,2.228290468482558850e+00
-4.740495977524750160e-02,-2.319007922740492500e-01,2.217805641384419602e+00
-4.922977244948079090e-02,-2.695469128116523283e-01,2.206359146927407089e+00
-5.094549005516357809e-02,-3.076314951028173983e-01,2.193974056921879079e+00
-5.256155034284670791e-02,-3.460863639882887366e-01,2.180673822307443110e+00
-5.408633118493844094e-02,-3.848465743679985174e-01,2.166481967847993406e+00
-5.408633118490602243e-02,-3.848465743680453688e-01,2.166481967847994294e+00
-5.552729682146928525e-02,-3.984211697468968971e-01,2.151421799928070477e+00
-5.689112302054510906e-02,-4.062362559333503320e-01,2.135516124455894893e+00
-5.818379141772034302e-02,-4.129088398940321536e-01,2.118787046195641732e+00
-5.941067677534395131e-02,-4.184714373077886851e-01,2.101255765517826113e+00
-6.057662353057802207e-02,-4.229567429415330704e-01,2.082942386404434743e+00
-6.168601120604622068e-02,-4.263972514580947060e-01,2.063865744586643736e+00
-6.274281052773611478e-02,-4.288249219628894604e-01,2.044043253837787510e+00
-6.375063175397110982e-02,-4.302708839588882395e-01,2.023490767973066262e+00
-6.471276644763479524e-02,-4.307651814514293909e-01,2.002222455762002085e+00
-6.471276644761081442e-02,-4.307651814514275035e-01,2.002222455762062037e+00
-6.563216417873585229e-02,-4.303365726111394451e-01,1.980251225906160428e+00
-6.651158996629513709e-02,-4.290123582728273544e-01,1.957587572525610886e+00
-6.735363716932107891e-02,-4.268181086776756672e-01,1.934239436438070836e+00
-6.816065649701030793e-02,-4.237775584201196599e-01,1.910212973265584369e+00
-6.893478944265885033e-02,-4.199125357899745614e-01,1.885512427036871719e+00
-6.967799730577706185e-02,-4.152428836813871760e-01,1.860139983032152555e+00
-7.039208646124794910e-02,-4.097863694697317927e-01,1.834095597013644330e+00
-7.107873042502754757e-02,-4.035585809652408873e-01,1.807376797361342158e+00
-7.173948917647843260e-02,-3.965728051549310962e-01,1.779978455860324216e+00
-7.173948917647843260e-02,-3.965728051549310962e-01,1.779978455860324216e+00
-7.237581772422130300e-02,-3.888399212295964302e-01,1.751892645830179118e+00
-7.298904921839888260e-02,-3.803684029648386478e-01,1.723108856987481285e+00
-7.358041946004956202e-02,-3.711641648278661831e-01,1.693613606972552921e+00
-7.415108086882371552e-02,-3.612303973708447247e-01,1.663390110065467331e+00
-7.470210875013316709e-02,-3.505673994514173497e-01,1.632417991766105692e+00
-7.523450696068278987e-02,-3.391723763450129603e-01,1.600672944282126364e+00
-7.574921303845671972e-02,-3.270391941103207856e-01,1.568126308999884921e+00
-7.624710285512481533e-02,-3.141580783345030436e-01,1.534744568293156641e+00
-7.672899484178730134e-02,-3.005152423025885255e-01,1.500488723997361218e+00
-7.672899484178730134e-02,-3.005152423025885255e-01,1.500488723997361218e+00
-7.719565471897515962e-02,-2.860924170586960358e-01,1.465313513014612878e+00
-7.764780236493562526e-02,-2.708662376348464074e-01,1.429166376414682027e+00
-7.808611385221997381e-02,-2.548075140908249159e-01,1.391986282309730649e+00
-7.851122417103395534e-02,-2.378803000395713907e-01,1.353702222214465678e+00
-7.892373038132127760e-02,-2.200406942234514052e-01,1.314231282234669118e+00
-7.932419448538885476e-02,-2.012352920746358631e-01,1.273476164476371242e+00
-7.971314604955459515e-02,-1.813991597959533353e-01,1.231321958479555612e+00
-8.009108460001668206e-02,-1.604531444956894815e-01,1.187631869847415755e+00
-8.045848181530157461e-02,-1.383002409220527307e-01,1.142241467334791150e+00
0.000000000000000000e+00,-0.000000000000000000e+00,-0.000000000000000000e+00
2.089710932865319198e-02,-1.481449745049150330e-03,-7.393085725771093592e-04
4.177940725111024128e-02,-5.909013562627864723e-03,-2.948857628768398933e-03
6.263209285917022140e-02,-1.323252538551829456e-02,-6.603612094876243170e-03
8.344038623318184023e-02,-2.336900689844019149e-02,-1.166216214243382364e-02
1.041895389177217579e-01,-3.620360771551971169e-02,-1.806719237810830783e-02
1.248648443749715842e-01,-5.159090668105300453e-02,-2.574613125000924096e-02
1.454516484083847871e-01,-6.935655954930793066e-02,-3.461197331236973151e-02
1.659353595492550904e-01,-8.929927437449239336e-02,-4.456426503201246087e-02
1.863014593988251422e-01,-1.111930922289325885e-01,-5.549024296701989684e-02
2.065355129186041971e-01,-1.347899474080119786e-01,-6.726611142158915591e-02
2.266231786616025312e-01,-1.598224781137266570e-01,-7.975844510073167026e-02
2.465502189372298369e-01,-1.860070557706891281e-01,-9.282570087217946464e-02
2.663025099026538056e-01,-2.130469986512196212e-01,-1.063198215066315927e-01
2.858660515734654517e-01,-2.406359333978688453e-01,-1.200879132253226955e-01
3.052269777465567158e-01,-2.684612663559781121e-01,-1.339739780476296160e-01
3.243715658281768333e-01,-2.962077253846932545e-01,-1.478206813105256978e-01
3.432862465602015134e-01,-3.235609320162965430e-01,-1.614711343331804716e-01
3.619576136377207765e-01,-3.502109634898649682e-01,-1.747706720284029625e-01
3.803724332111304007e-01,-3.758558642999906829e-01,-1.875686053198806214e-01
3.985176532659893134e-01,-4.002050674733126367e-01,-1.997199285096263877e-01
4.163804128739977961e-01,-4.229826868084291536e-01,-2.110869622504780163e-01
4.339480513085368640e-01,-4.439306427767985563e-01,-2.215409135081155279e-01
4.512081170183094847e-01,-4.628115866669205158e-01,-2.309633348376027850e-01
4.681483764527236135e-01,-4.794115898400777009e-01,-2.392474664402682027e-01
4.847568227327606616e-01,-4.935425676272934825e-01,-2.462994457948825822e-01
5.010216841611837557e-01,-5.050444104037865589e-01,-2.520393711575301676e-01
5.169314325660554488e-01,-5.137867976949959115e-01,-2.564022068802943588e-01
5.324747914716486674e-01,-5.196706747596315790e-01,-2.593385202911354659e-01
5.476407440909630830e-01,-5.226293749194732552e-01,-2.608150417858174364e-01
5.624185411341774410e-01,-5.226293749194732552e-01,-2.608150417858174364e-01
5.767977084275078825e-01,-5.196706747596315790e-01,-2.593385202911354659e-01
5.907680543370686932e-01,-5.137867976949959115e-01,-2.564022068802943588e-01
6.043196769924764622e-01,-5.050444104037865589e-01,-2.520393711575301676e-01
6.174429713050743063e-01,-4.935425676272934825e-01,-2.462994457948825822e-01
6.301286357758065781e-01,-4.794115898400776454e-01,-2.392474664402681750e-01
6.423676790879127019e-01,-4.628115866669204603e-01,-2.309633348376027573e-01
6.541514264797743117e-01,-4.439306427767985563e-01,-2.215409135081155279e-01
6.654715258933916466e-01,-4.229826868084292646e-01,-2.110869622504780718e-01
6.763199538941377931e-01,-4.002050674733126923e-01,-1.997199285096264154e-01
6.866890213575895796e-01,-3.758558642999907384e-01,-1.875686053198806491e-01
6.965713789194086791e-01,-3.502109634898650237e-01,-1.747706720284029902e-01
7.059600221844071211e-01,-3.235609320162966540e-01,-1.614711343331805271e-01
7.148482966911068326e-01,-2.962077253846933655e-01,-1.478206813105257533e-01
7.232299026282742460e-01,-2.684612663559780010e-01,-1.339739780476295605e-01
7.310988993000856473e-01,-2.406359333978686788e-01,-1.200879132253225984e-01
7.384497093367612397e-01,-2.130469986512195102e-01,-1.063198215066315372e-01
7.452771226476793132e-01,-1.860070557706890171e-01,-9.282570087217942301e-02
7.515763001141743116e-01,-1.598224781137265738e-01,-7.975844510073161475e-02
7.573427770193950082e-01,-1.347899474080119231e-01,-6.726611142158912815e-02
7.625724662127973952e-01,-1.111930922289325607e-01,-5.549024296701988296e-02
7.672616610070254195e-01,-8.929927437449236560e-02,-4.456426503201244005e-02
7.714070378051289811e-01,-6.935655954930790290e-02,-3.461197331236971764e-02
7.750056584562554640e-01,-5.159090668105285882e-02,-2.574613125000916811e-02
7.780549723381456895e-01,-3.620360771551960066e-02,-1.806719237810824885e-02
7.805528181649576958e-01,-2.336900689844021925e-02,-1.166216214243383752e-02
7.824974255191389227e-01,-1.323252538551823732e-02,-6.603612094876213680e-03
7.838874161062581170e-01,-5.909013562627836100e-03,-2.948857628768384621e-03
7.847218047319103329e-01,-1.481449745049150330e-03,-7.393085725771093592e-04
7.850000000000000311e-01,-0.000000000000000000e+00,-0.000000000000000000e+00
8.532255849071632703e-01,-4.690031427146381660e-01,1.734087620447518185e+00
8.409610305835792943e-01,-4.798524385797166003e-01,1.763409200027069357e+00
8.282948265156373502e-01,-4.900030088318354515e-01,1.791852018009699510e+00
8.152193660851541068e-01,-4.994599072500642833e-01,1.819419867250246181e+00
8.017275523199276499e-01,-5.082284360060901340e-01,1.846115466129928606e+00
7.878129080233740034e-01,-5.163144221444087023e-01,1.871940748296349488e+00
7.734696959151339257e-01,-5.237244831459757499e-01,1.896897137210161954e+00
7.586930487362515407e-01,-5.304662809300282333e-01,1.920985808071727696e+00
7.434791090448045203e-01,-5.365487626160460044e-01,1.944207938666586255e+00
7.278251781547351307e-01,-5.419823854305191313e-01,1.966564949753461411e+00
7.278251781547351307e-01,-5.419823854305191313e-01,1.966564949753461411e+00
7.117298733507846364e-01,-5.467793223141865777e-01,1.988058734806135153e+00
6.951932921466377202e-01,-5.509536440881714903e-01,2.008691878205235870e+00
6.782171819448428174e-01,-5.545214735038905829e-01,2.028467860361431452e+00
6.608051130129624084e-01,-5.575011061690113845e-01,2.047391247747628817e+00
6.429626522205071915e-01,-5.599130932488369794e-01,2.065467865439842843e+00
6.246975345009651015e-01,-5.617802810252602308e-01,2.082704949530849170e+00
6.060198285321454215e-01,-5.631278028826262050e-01,2.099111276703809814e+00
5.869420926904092006e-01,-5.639830200972110186e-01,2.114697268347724979e+00
5.674795169587301125e-01,-5.643754089339838576e-01,2.129475066869421340e+00
5.674795169587296684e-01,-5.643754089339809710e-01,2.129475066869417788e+00
5.476500461868409886e-01,-5.643363929785066846e-01,2.143458582306109861e+00
5.274744799480353130e-01,-5.638991213089411536e-01,2.156663507955965731e+00
5.069765442458238347e-01,-5.532496169907803463e-01,2.169107304497780664e+00
4.861829305214566688e-01,-5.285450564893907632e-01,2.180809152931311168e+00
4.651232978311128363e-01,-5.048282518235631677e-01,2.191789877589276347e+00
4.438302347097278222e-01,-4.821198689469334830e-01,2.202071841400318419e+00
4.223391781209788753e-01,-4.604354680681925771e-01,2.211678816462106845e+00
4.006882879973066025e-01,-4.397852771340224898e-01,2.220635833759110334e+00
3.789182771701558039e-01,-4.201740443397408153e-01,2.228969016479446896e+00
3.789182771701495867e-01,-4.201740443397417035e-01,2.228969016479447340e+00
3.571008255541241461e-01,-4.016168558611197259e-01,2.236698849480349693e+00
3.352552312097225595e-01,-3.840903238620640980e-01,2.243860367602507289e+00
3.133608568321846199e-01,-3.675509221920540970e-01,2.250494446819061523e+00
2.914145788757500632e-01,-3.519680188817195798e-01,2.256634345975660594e+00
2.694262997919474323e-01,-3.373182669062171346e-01,2.262308484201045466e+00
2.474137280393113869e-01,-3.235811753190811491e-01,2.267542477786168131e+00
2.253965055625544167e-01,-3.107359227075270347e-01,2.272360511092188506e+00
2.033897767923491529e-01,-2.987594554017087844e-01,2.276786110103682592e+00
1.813973074257018148e-01,-2.876258903790624988e-01,2.280842382358650333e+00
1.813973074257018148e-01,-2.876258903790624988e-01,2.280842382358650333e+00
1.594123266276108453e-01,-2.773088002393877538e-01,2.284551217351021180e+00
1.374429944706965223e-01,-2.677871218987994961e-01,2.287931277552033293e+00
1.154996613586587451e-01,-2.590409121542658344e-01,2.290999671122138981e+00
9.358926023319291687e-02,-2.510504767551717809e-01,2.293772336826749303e+00
7.171606393887586250e-02,-2.437969971361948485e-01,2.296263891780340849e+00
4.988251575672730809e-02,-2.372629749095869212e-01,2.298487549372588479e+00
2.809011697470653601e-02,-2.314324949326374004e-01,2.300455099969225259e+00
6.340354536863657131e-03,-2.262913090780291903e-01,2.302176948224548436e+00
-1.536434871986314121e-02,-2.218267436263647863e-01,2.303662202196150588e+00
-1.536434871986314121e-02,-2.218267436263630099e-01,2.303662202196150588e+00
-3.702076450950420039e-02,-2.180275372869042716e-01,2.304918776663221536e+00
-5.862824141500544428e-02,-2.148841183940926047e-01,2.305953343888536899e+00
-8.018682868105164729e-02,-2.123886821067999531e-01,2.306771345890628488e+00
-1.016964598035166034e-01,-2.105351231779322152e-01,2.307377047355444688e+00
-1.231570063369757939e-01,-2.093190139727263421e-01,2.307773566528771525e+00
-1.445683335522094382e-01,-2.087375987512212205e-01,2.307962894182727709e+00
-1.659303563261356196e-01,-2.087898042429998657e-01,2.307945900887352852e+00
-1.872430936612987651e-01,-2.094762664080855874e-01,2.307722332685949063e+00
-2.085067202684998122e-01,-2.107993731484083533e-01,2.307290795141501150e+00
-4.402742947813753638e-01,-4.139835196673353757e-01,1.684347820843812737e+00
-4.395381980072579076e-01,-4.189835025063406437e-01,1.698111949868335246e+00
-4.387908766957631101e-01,-4.238478285717918181e-01,1.711735895938281571e+00
-4.380320729882907216e-01,-4.285765107074126501e-01,1.725221433513240532e+00
-4.372615210939696517e-01,-4.331694502999707819e-01,1.738570201304044271e+00
-4.364789469833438851e-01,-4.376264400703093749e-01,1.751783707489753983e+00
-4.356840680678026878e-01,-4.419471666046623781e-01,1.764863334510802906e+00
-4.348765928639832801e-01,-4.461312126507434028e-01,1.777810343473497978e+00
-4.340562206423181912e-01,-4.501780592012570859e-01,1.790625878197842580e+00
-4.332226410588466692e-01,-4.540870873859040868e-01,1.803310968937837711e+00
-4.332226410588466692e-01,-4.540870873859040868e-01,1.803310968937837711e+00
-4.323755337693846457e-01,-4.578575801916104915e-01,1.815866535800885639e+00
-4.315145680250700444e-01,-4.614887240295624249e-01,1.828293391890715158e+00
-4.306394022480692918e-01,-4.649796101666786585e-01,1.840592246196439019e+00
-4.297496835865066700e-01,-4.683292360383304320e-01,1.852763706248376607e+00
-4.288450474473788354e-01,-4.715365064584731147e-01,1.864808280559961506e+00
-4.279251170061533216e-01,-4.746002347428719403e-01,1.876726380873717348e+00
-4.269895026916827874e-01,-4.775191437607023692e-01,1.888518324228115386e+00
-4.260378016449850591e-01,-4.802918669295325182e-01,1.900184334861143798e+00
-4.250695971503319903e-01,-4.829169491685322280e-01,1.911724545965548083e+00
-4.250695971503688497e-01,-4.829169491685310067e-01,1.911724545965547639e+00
-4.240844580368841044e-01,-4.853928478246933853e-01,1.923139001310064655e+00
-4.230819380488317627e-01,-4.877179335868677690e-01,1.934427656740268731e+00
-4.220615751837639706e-01,-4.898904914023446411e-01,1.945590381571476790e+00
-4.210228909950877174e-01,-4.919087214112852768e-01,1.956626959887270090e+00
-4.199653898572330846e-01,-4.937707399142149400e-01,1.967537091755719558e+00
-4.188885581912642486e-01,-4.954745803881824839e-01,1.978320394375256086e+00
-4.177918636484423409e-01,-4.970181945675703483e-01,1.988976403162073803e+00
-4.166747542490676359e-01,-4.983994536058969915e-01,1.999504572790810730e+00
-4.155366574737331398e-01,-4.996161493355061323e-01,2.009904278200193239e+00
-4.155366574737273666e-01,-4.996161493355099070e-01,2.009904278200206562e+00
-4.143769793056097939e-01,-5.006659956423054059e-01,2.020174815574122817e+00
-4.131951032180212202e-01,-5.015466299737483258e-01,2.030315403313070810e+00
-4.119903891013376729e-01,-5.022556149981559637e-01,2.040325183005776921e+00
-4.107621721315757313e-01,-5.027904404340516331e-01,2.050203220410870664e+00
-4.095097615728855445e-01,-5.031485250693068512e-01,2.059948506463828988e+00
-4.082324395101544212e-01,-5.033272189898541082e-01,2.069559958320208004e+00
-4.069294595069479215e-01,-5.033238060383647960e-01,2.079036420447556210e+00
-4.056000451836330178e-01,-5.031355065237232971e-01,2.088376665778583607e+00
-4.042433887101344325e-01,-5.027594802025274756e-01,2.097579396938366258e+00
-4.042433887101344325e-01,-5.027594802025274756e-01,2.097579396938366258e+00
-4.028586492073111813e-01,-5.021928295541646659e-01,2.106643247558451115e+00
-4.014449510504451979e-01,-5.014326033711087316e-01,2.115566783690866259e+00
-4.000013820679004795e-01,-5.004758006864267195e-01,2.124348505335951209e+00
-3.985269916273406210e-01,-4.993193750600002367e-01,2.132986848096881882e+00
-3.970207886012886433e-01,-4.979602392453585935e-01,2.141480184974363876e+00
-3.954817392031202417e-01,-4.963952702580884946e-01,2.149826828315054783e+00
-3.939087646838510537e-01,-4.946213148664502235e-01,2.158025031927117254e+00
-3.923007388792267847e-01,-4.888692035083341825e-01,2.166072993376177092e+00
-3.906564855957492810e-01,-4.708134800359247141e-01,2.173968856474743028e+00
-3.906564855957492810e-01,-4.708134800359249361e-01,2.173968856474743028e+00
-3.889747758232178221e-01,-4.527651385768940440e-01,2.181710713977849991e+00
-3.872543247603186245e-01,-4.347286025350243222e-01,2.189296610497214690e+00
-3.854937886389322443e-01,-4.167085077538157378e-01,2.196724545645149629e+00
-3.836917613307582187e-01,-3.987097012103741900e-01,2.203992477419762341e+00
-3.818467707189521221e-01,-3.807372389556136216e-01,2.211098325841386547e+00
-3.799572748158115409e-01,-3.627963832550451517e-01,2.218039976849206063e+00
-3.780216576057457978e-01,-3.448925988862556746e-01,2.224815286465918085e+00
-3.760382245908098220e-01,-3.270315485523875854e-01,2.231422085236876462e+00
-3.740051980139478260e-01,-3.092190873743236867e-01,2.237858182948601726e+00
-3.036922735238678506e-01,-2.693399665818423383e-01,2.280607975865359904e+00
-2.966168823539230281e-01,-3.163907880352525570e-01,2.263603563815929753e+00
-2.899684265256263771e-01,-3.636822792038567620e-01,2.245499771944587941e+00
-2.837110666385771474e-01,-4.110885564487716248e-01,2.226346797618295348e+00
-2.778126080319784919e-01,-4.584941318582824721e-01,2.206195235954017786e+00
-2.722440623977320229e-01,-5.057945010204347724e-01,2.185095447210859021e+00
-2.669792691111938510e-01,-5.507088751212458888e-01,2.163097038843869946e+00
-2.619945673067496372e-01,-5.522126338348509744e-01,2.140248455058368471e+00
-2.572685111737902375e-01,-5.524779575065107418e-01,2.116596664006395123e+00
-2.527816221521912432e-01,-5.515684785655359246e-01,2.092186931290710206e+00
-2.527816221521912432e-01,-5.515684785655359246e-01,2.092186931290710206e+00
-2.485161727070721582e-01,-5.495461990279955078e-01,2.067062667946135690e+00
-2.444559971953226274e-01,-5.464710912584185287e-01,2.041265341295891211e+00
-2.405863260303866547e-01,-5.424008151247511345e-01,2.014834437786130472e+00
-2.368936399315515473e-01,-5.373905324964973751e-01,1.987807467988220056e+00
-2.333655415280544432e-01,-5.314928017122493298e-01,1.960220005117750075e+00
-2.299906419945343394e-01,-5.247575366065969638e-01,1.932105749659221994e+00
-2.267584607353381188e-01,-5.172320167430810578e-01,1.903496613894616996e+00
-2.236593364221151070e-01,-5.089609375132372326e-01,1.874422821259762229e+00
-2.206843479310904854e-01,-4.999864906464640546e-01,1.844913016471428024e+00
-2.206843479318192358e-01,-4.999864906464819292e-01,1.844913016471485978e+00
-2.178252439322241329e-01,-4.903484673747948719e-01,1.814994383241947506e+00
-2.150743800505017234e-01,-4.800843780109161907e-01,1.784692767200261487e+00
-2.124246626770438517e-01,-4.692295830908679299e-01,1.754032802534708946e+00
-2.098694986171953936e-01,-4.578174322027305232e-01,1.723038040972643792e+00
-2.074027498888670884e-01,-4.458794076727639055e-01,1.691731082536629183e+00
-2.050186930604769309e-01,-4.334452710824853172e-01,1.660133707914941636e+00
-2.027119826016998694e-01,-4.205432112561982017e-01,1.628267012621950061e+00
-2.004776177865381648e-01,-4.071999929277158037e-01,1.596151543454686239e+00
-1.983109127458848597e-01,-3.934411057783435695e-01,1.563807438055714094e+00
-1.983109127450721765e-01,-3.934411057773660181e-01,1.563807438053441690e+00
-1.962074779212188425e-01,-3.793064128700492921e-01,1.531289863438995535e+00
-1.941631059778043955e-01,-3.648060979769730539e-01,1.498587071435152795e+00
-1.921740204957886888e-01,-3.499244991781395031e-01,1.465634857601149088e+00
-1.902368657280675279e-01,-3.346509156458058465e-01,1.432386860098046943e+00
-1.883485877332899960e-01,-3.189780613175279278e-01,1.398809071249711655e+00
-1.865063661372858839e-01,-3.028996965999567470e-01,1.364873437453491878e+00
-1.847075880519062352e-01,-2.864074067298383319e-01,1.330550425002882786e+00
-1.829498572890928543e-01,-2.694864498609091941e-01,1.295800371347099356e+00
-1.812310332839239813e-01,-2.521105459717558617e-01,1.260563369677873302e+00
-1.812310332839239813e-01,-2.521105459717558617e-01,1.260563369677873302e+00
-1.795492403076175414e-01,-2.342409168727480617e-01,1.224758306875415315e+00
-1.779026889149522006e-01,-2.158423731278131807e-01,1.188315480789027268e+00
-1.762897170177661899e-01,-1.968746338951287145e-01,1.151158808512653842e+00
-1.747088175143449718e-01,-1.772871743229696984e-01,1.113196059567428620e+00
-1.731586277315857458e-01,-1.570177854545351526e-01,1.074316800417530526e+00
-1.716379163483190418e-01,-1.359906510409067959e-01,1.034389563342623219e+00
-1.701455681684365118e-01,-1.141137215814891359e-01,9.932578991978013860e-01
-1.686805670542508295e-01,-9.127504960009757973e-02,9.507347909769592320e-01
-1.672419772853475095e-01,-6.733755496712878763e-02,9.065945992033093148e-01
-1.672419772853475095e-01,-6.733755496712845456e-02,9.065945992033084266e-01
-1.658289354871480548e-01,-4.213025357724942133e-02,8.605591869157467322e-01
-1.644406808438687584e-01,-1.543161724367070331e-02,8.122709151448752607e-01
-1.630765322144167584e-01,1.304992198962406924e-02,7.612625244372237532e-01
-1.617358742446479702e-01,4.370960141575769287e-02,7.069046072472384701e-01
-1.604181531138451078e-01,7.710651332701506933e-02,6.483113125891262207e-01
-1.591228730156997173e-01,1.140779819641437598e-01,5.841613087957102657e-01
-1.578495932890149334e-01,1.559832212776590121e-01,5.123166668412815206e-01
-1.565979261225090013e-01,2.053179658883414471e-01,4.288621372375485130e-01
-1.553675347658218797e-01,2.677758933609173386e-01,3.248850941165510875e-01
0.000000000000000000e+00,-0.000000000000000000e+00,-0.000000000000000000e+00
2.089710932865319198e-02,-1.481449745049150330e-03,-7.393085725771093592e-04
4.177940725111024128e-02,-5.909013562627864723e-03,-2.948857628768398933e-03
6.263209285917022140e-02,-1.323252538551829456e-02,-6.603612094876243170e-03
8.344038623318184023e-02,-2.336900689844019149e-02,-1.166216214243382364e-02
1.041895389177217579e-01,-3.620360771551971169e-02,-1.806719237810830783e-02
1.248648443749715842e-01,-5.159090668105300453e-02,-2.574613125000924096e-02
1.454516484083847871e-01,-6.935655954930793066e-02,-3.461197331236973151e-02
1.659353595492550904e-01,-8.929927437449239336e-02,-4.456426503201246087e-02
1.863014593988251422e-01,-1.111930922289325885e-01,-5.549024296701989684e-02
2.065355129186041971e-01,-1.347899474080119786e-01,-6.726611142158915591e-02
2.266231786616025312e-01,-1.598224781137266570e-01,-7.975844510073167026e-02
2.465502189372298369e-01,-1.860070557706891281e-01,-9.282570087217946464e-02
2.663025099026538056e-01,-2.130469986512196212e-01,-1.063198215066315927e-01
2.858660515734654517e-01,-2.406359333978688453e-01,-1.200879132253226955e-01
3.052269777465567158e-01,-2.684612663559781121e-01,-1.339739780476296160e-01
3.243715658281768333e-01,-2.962077253846932545e-01,-1.478206813105256978e-01
3.432862465602015134e-01,-3.235609320162965430e-01,-1.614711343331804716e-01
3.619576136377207765e-01,-3.502109634898649682e-01,-1.747706720284029625e-01
3.803724332111304007e-01,-3.758558642999906829e-01,-1.875686053198806214e-01
3.985176532659893134e-01,-4.002050674733126367e-01,-1.997199285096263877e-01
4.163804128739977961e-01,-4.229826868084291536e-01,-2.110869622504780163e-01
4.339480513085368640e-01,-4.439306427767985563e-01,-2.215409135081155279e-01
4.512081170183094847e-01,-4.628115866669205158e-01,-2.309633348376027850e-01
4.681483764527236135e-01,-4.794115898400777009e-01,-2.392474664402682027e-01
4.847568227327606616e-01,-4.935425676272934825e-01,-2.462994457948825822e-01
5.010216841611837557e-01,-5.050444104037865589e-01,-2.520393711575301676e-01
5.169314325660554488e-01,-5.137867976949959115e-01,-2.564022068802943588e-01
5.324747914716486674e-01,-5.196706747596315790e-01,-2.593385202911354659e-01
5.476407440909630830e-01,-5.226293749194732552e-01,-2.608150417858174364e-01
5.624185411341774410e-01,-5.226293749194732552e-01,-2.608150417858174364e-01
5.767977084275078825e-01,-5.196706747596315790e-01,-2.593385202911354659e-01
5.907680543370686932e-01,-5.137867976949959115e-01,-2.564022068802943588e-01
6.043196769924764622e-01,-5.050444104037865589e-01,-2.520393711575301676e-01
6.174429713050743063e-01,-4.935425676272934825e-01,-2.462994457948825822e-01
6.301286357758065781e-01,-4.794115898400776454e-01,-2.392474664402681750e-01
6.423676790879127019e-01,-4.628115866669204603e-01,-2.309633348376027573e-01
6.541514264797743117e-01,-4.439306427767985563e-01,-2.215409135081155279e-01
6.654715258933916466e-01,-4.229826868084292646e-01,-2.110869622504780718e-01
6.763199538941377931e-01,-4.002050674733126923e-01,-1.997199285096264154e-01
6.866890213575895796e-01,-3.758558642999907384e-01,-1.875686053198806491e-01
6.965713789194086791e-01,-3.502109634898650237e-01,-1.747706720284029902e-01
7.059600221844071211e-01,-3.235609320162966540e-01,-1.614711343331805271e-01
7.148482966911068326e-01,-2.962077253846933655e-01,-1.478206813105257533e-01
7.232299026282742460e-01,-2.684612663559780010e-01,-1.339739780476295605e-01
7.310988993000856473e-01,-2.406359333978686788e-01,-1.200879132253225984e-01
7.384497093367612397e-01,-2.130469986512195102e-01,-1.063198215066315372e-01
7.452771226476793132e-01,-1.860070557706890171e-01,-9.282570087217942301e-02
7.515763001141743116e-01,-1.598224781137265738e-01,-7.975844510073161475e-02
7.573427770193950082e-01,-1.347899474080119231e-01,-6.726611142158912815e-02
7.625724662127973952e-01,-1.111930922289325607e-01,-5.549024296701988296e-02
7.672616610070254195e-01,-8.929927437449236560e-02,-4.456426503201244005e-02
7.714070378051289811e-01,-6.935655954930790290e-02,-3.461197331236971764e-02
7.750056584562554640e-01,-5.159090668105285882e-02,-2.574613125000916811e-02
7.780549723381456895e-01,-3.620360771551960066e-02,-1.806719237810824885e-02
7.805528181649576958e-01,-2.336900689844021925e-02,-1.166216214243383752e-02
7.824974255191389227e-01,-1.323252538551823732e-02,-6.603612094876213680e-03
7.838874161062581170e-01,-5.909013562627836100e-03,-2.948857628768384621e-03
7.847218047319103329e-01,-1.481449745049150330e-03,-7.393085725771093592e-04
7.850000000000000311e-01,-0.000000000000000000e+00,-0.000000000000000000e+00
8.430323843991387456e-01,-4.269370496946974791e-01,1.692475904573964574e+00
8.317106140797076996e-01,-4.371031379727711164e-01,1.720315489028152900e+00
8.200414604113603900e-01,-4.466355353545472529e-01,1.747354600197843943e+00
8.080182112821341356e-01,-4.555403947111887897e-01,1.773599546490092216e+00
7.956344678916331681e-01,-4.638238542707530110e-01,1.799055494947124911e+00
7.828842165945735232e-01,-4.714922560548339137e-01,1.823726712526438254e+00
7.697619073856620808e-01,-4.785523534698595816e-01,1.847616791161969196e+00
7.562625391195325619e-01,-4.850115084885118222e-01,1.870728859353656626e+00
7.423817514524144734e-01,-4.908778781423872584e-01,1.893065782235557881e+00
7.281159233616607551e-01,-4.961605894095514335e-01,1.914630351386225282e+00
7.281159233616607551e-01,-4.961605894095514335e-01,1.914630351386225282e+00
7.134622779437953533e-01,-5.008699010168935484e-01,1.935425465048163041e+00
6.984189930103972266e-01,-5.050173501906929374e-01,1.955454298902858934e+00
6.829853167940513892e-01,-5.086158819887676152e-01,1.974720467097597076e+00
6.671616878448238808e-01,-5.116799585470407363e-01,1.993228172838367618e+00
6.509498579441190813e-01,-5.142256453878952804e-01,2.010982347551781402e+00
6.343530165916981822e-01,-5.162706718834827457e-01,2.027988777382567331e+00
6.173759153395623756e-01,-5.178344630594443609e-01,2.044254215637747230e+00
6.000249899620255789e-01,-5.189381401751474998e-01,2.059786479719977859e+00
5.823084781755962780e-01,-5.196044879322438970e-01,2.074594531115548257e+00
5.823084781754079842e-01,-5.196044879322408994e-01,2.074594531115505625e+00
5.642365303683822830e-01,-5.198578867439650475e-01,2.088688537119632649e+00
5.458213105834626155e-01,-5.197242092341775033e-01,2.102079913192151039e+00
5.270770848339885184e-01,-5.192306810089708513e-01,2.114781345135341883e+00
5.080202937438960120e-01,-5.184057067265339658e-01,2.126806790663220426e+00
4.886696064994624500e-01,-5.172786635440729253e-01,2.138171460372850774e+00
4.690459532043886881e-01,-5.158796650988195509e-01,2.148891778614520298e+00
4.491725329517910481e-01,-5.142393002300196247e-01,2.158985325265802224e+00
4.290747952760871620e-01,-5.038168293103115758e-01,2.168470759918863067e+00
4.087803931277904645e-01,-4.838862726721981922e-01,2.177367730464066842e+00
4.087803931277882441e-01,-4.838862726721642193e-01,2.177367730464087270e+00
3.883403116626760188e-01,-4.648629407825168869e-01,2.185690881882453862e+00
3.677672616437330788e-01,-4.467368755766238930e-01,2.193467902482197474e+00
3.470447670283434149e-01,-4.294805058130743980e-01,2.200732333028680543e+00
3.261697010818735976e-01,-4.130767153807062275e-01,2.207511485192204859e+00
3.051490342222042962e-01,-3.975144011624434093e-01,2.213828734585407076e+00
2.839960277289157453e-01,-3.827848325901579418e-01,2.219705250355926029e+00
2.627259122063509977e-01,-3.688788750232128155e-01,2.225161209408370588e+00
2.413511020317349320e-01,-3.557851273792005387e-01,2.230216541134668606e+00
2.198760103663390808e-01,-3.434890100971668137e-01,2.234891246887158012e+00
2.198760103663390808e-01,-3.434890100971668137e-01,2.234891246887158012e+00
1.982975988590323091e-01,-3.319745135349407850e-01,2.239204707963980745e+00
1.766244822925222557e-01,-3.212302285913235522e-01,2.243173488008483929e+00
1.548674169153194669e-01,-3.112453668457721978e-01,2.246812935102291853e+00
1.330350654960810175e-01,-3.020087578902423964e-01,2.250137588055388882e+00
1.111345315850504889e-01,-2.935093756697755296e-01,2.253161012220867843e+00
8.917195268880684367e-02,-2.857367372066175193e-01,2.255895691935499769e+00
6.715314200003774658e-02,-2.786811707128915572e-01,2.258352974380542832e+00
4.508426703598455987e-02,-2.723339513474538620e-01,2.260543060333705334e+00
2.297255245588791794e-02,-2.666873038447092892e-01,2.262475038094009960e+00
2.297255245588791794e-02,-2.666873038447059585e-01,2.262475038094010404e+00
8.261610671436159237e-04,-2.617342854760362769e-01,2.264156953210454404e+00
-2.134842771753397983e-02,-2.574688076060516195e-01,2.265595825726161028e+00
-4.354502422765271774e-02,-2.538858245650321699e-01,2.266797608116753793e+00
-6.575713590804843633e-02,-2.509813459226630794e-01,2.267767200246955106e+00
-8.797804112810370114e-02,-2.487524291384100028e-01,2.268508466775847943e+00
-1.102008661187681149e-01,-2.471971832615602604e-01,2.269024246829176139e+00
-1.324186635243678190e-01,-2.463147837620860425e-01,2.269316356131032997e+00
-1.546244910203138367e-01,-2.461054984737278684e-01,2.269385581685401387e+00
-1.768114884418854338e-01,-2.465707245329427089e-01,2.269231668995116635e+00
-4.260946603670188182e-01,-4.048517599658997268e-01,1.681211172491732242e+00
-4.251468801258377894e-01,-4.098925426196966537e-01,1.695305269444658869e+00
-4.241841740637712910e-01,-4.147881910098355496e-01,1.709249514703879314e+00
-4.232061886389661964e-01,-4.195387115104308728e-01,1.723045819276746604e+00
-4.222125591137584344e-01,-4.241439869105414484e-01,1.736695942217169941e+00
-4.212029091106792578e-01,-4.286037797423511986e-01,1.750201496669057999e+00
-4.201768501472691320e-01,-4.329177353105772008e-01,1.763563955412563278e+00
-4.191339811485268463e-01,-4.370853844532894827e-01,1.776784655956087589e+00
-4.180738879357308591e-01,-4.411061460620502306e-01,1.789864805213006616e+00
-4.169961426903006085e-01,-4.449793293873441913e-01,1.802805483798566977e+00
-4.169961426903006085e-01,-4.449793293873441913e-01,1.802805483798566977e+00
-4.159003033907047175e-01,-4.487041361536133754e-01,1.815607649979286586e+00
-4.147859132203080001e-01,-4.522796625068018495e-01,1.828272143304434882e+00
-4.136524999488035981e-01,-4.557049008163271964e-01,1.840799687947391128e+00
-4.124995752809681449e-01,-4.589787413521208004e-01,1.853190895781553049e+00
-4.113266341716972363e-01,-4.620999738568316584e-01,1.865446269214286135e+00
-4.101331541059525243e-01,-4.650672890326418285e-01,1.877566203800807854e+00
-4.089185943415181157e-01,-4.678792799617037534e-01,1.889550990658426910e+00
-4.076823951123307310e-01,-4.705344434788881758e-01,1.901400818700389905e+00
-4.064239767899753275e-01,-4.730311815153317445e-01,1.913115776707565052e+00
-4.064239767892656729e-01,-4.730311815158864119e-01,1.913115776710235805e+00
-4.051427390029758158e-01,-4.753678024318221951e-01,1.924695855258265587e+00
-4.038380597162460894e-01,-4.775425223573542821e-01,1.936140948517207194e+00
-4.025092942357639814e-01,-4.795534665588996326e-01,1.947450855936678993e+00
-4.011557741777278530e-01,-4.813986708512297819e-01,1.958625283835747855e+00
-3.997768063813071926e-01,-4.830760830737950151e-01,1.969663846911812399e+00
-3.983716717620686687e-01,-4.845835646507586914e-01,1.980566069682879737e+00
-3.969396241015021864e-01,-4.859188922545980560e-01,1.991331387877880887e+00
-3.954798887684844999e-01,-4.870797595935938418e-01,2.001959149789519721e+00
-3.939916613682235003e-01,-4.880637793440505412e-01,2.012448617604089662e+00
-3.939916613688803082e-01,-4.880637793440583128e-01,2.012448617604172707e+00
-3.924741062810519487e-01,-4.888684852475022602e-01,2.022798968707431033e+00
-3.909263551251718205e-01,-4.894913343997266963e-01,2.033009297041489916e+00
-3.893475052060599850e-01,-4.899297097460010297e-01,2.043078614450112518e+00
-3.877366178069978631e-01,-4.901809228091859039e-01,2.053005852037713908e+00
-3.860927163911163085e-01,-4.902422166768470868e-01,2.062789861603762986e+00
-3.844147846950178860e-01,-4.901107692685676698e-01,2.072429417141719021e+00
-3.827017647071104811e-01,-4.897836969075253233e-01,2.081923216417582712e+00
-3.809525545225196375e-01,-4.892580582207630702e-01,2.091269882643292721e+00
-3.791660060658084141e-01,-4.885308583927008286e-01,2.100467966260332275e+00
-3.791660060658084141e-01,-4.885308583927008286e-01,2.100467966260332275e+00
-3.773409226727286736e-01,-4.875990537966563565e-01,2.109515946846694412e+00
-3.754760565222561297e-01,-4.864595570299814487e-01,2.118412235158361412e+00
-3.735701059023774917e-01,-4.851092423748772919e-01,2.127155175339549231e+00
-3.716217123014353696e-01,-4.835449517094634331e-01,2.135743047302998132e+00
-3.696294573119067728e-01,-4.817635008918392803e-01,2.144174069296322926e+00
-3.675918593319691396e-01,-4.797616866390883583e-01,2.152446400671556681e+00
-3.655073700494702038e-01,-4.775362939215825886e-01,2.160558144872787523e+00
-3.633743706916270355e-01,-4.664391830326446442e-01,2.168507352656334763e+00
-3.611911680222887888e-01,-4.481006612409950129e-01,2.176292025557343912e+00
-3.611911680222887888e-01,-4.481006612409950129e-01,2.176292025557343912e+00
-3.589559900669505588e-01,-4.297828459758494812e-01,2.183910119616231604e+00
-3.566669815437064628e-01,-4.114908632505287489e-01,2.191359549377732030e+00
-3.543221989775564573e-01,-3.932300608061269909e-01,2.198638192171567862e+00
-3.519196054720228339e-01,-3.750060046429826155e-01,2.205743892686543361e+00
-3.494570651100974423e-01,-3.568244746162674286e-01,2.212674467846499127e+00
-3.469323369541621460e-01,-3.386914590531959757e-01,2.219427711994832908e+00
-3.443430686115656059e-01,-3.206131483531708959e-01,2.226001402392710826e+00
-3.416867893294410763e-01,-3.025959275377438917e-01,2.232393305034095388e+00
-3.389609025788544727e-01,-2.846463677235049339e-01,2.238601180778503341e+00
-2.983845768100610307e-01,-2.757525620211986883e-01,2.267671276726608731e+00
-2.917444260160819702e-01,-3.216978041853415515e-01,2.251145669442780051e+00
-2.855030546016616988e-01,-3.679015058718442255e-01,2.233540465518556228e+00
-2.796271628788571384e-01,-4.142444450064706185e-01,2.214902945585419669e+00
-2.740868381073560123e-01,-4.606166910273288284e-01,2.195280925031867891e+00
-2.688551458009058592e-01,-5.069182099256681617e-01,2.174722158110103276e+00
-2.639077771344155998e-01,-5.313042528144618082e-01,2.153273842958303597e+00
-2.592227439125061039e-01,-5.332694004060287707e-01,2.130982222569554718e+00
-2.547801139672927206e-01,-5.340119187921834598e-01,2.107892274099688823e+00
-2.505617810145217561e-01,-5.335920604455123284e-01,2.084047477316765651e+00
-2.505617810145217561e-01,-5.335920604455123284e-01,2.084047477316765651e+00
-2.465512639572633447e-01,-5.320687930282452793e-01,2.059489652274007376e+00
-2.427335314215053330e-01,-5.294993891359831562e-01,2.034258856238071900e+00
-2.390948479679466665e-01,-5.259391252952413387e-01,2.008393330336358584e+00
-2.356226389730786686e-01,-5.214410736489522025e-01,1.981929487139707735e+00
-2.323053716302738714e-01,-5.160559709198750955e-01,1.954901931329283249e+00
-2.291324499039868456e-01,-5.098321507406178288e-01,1.927343506610481594e+00
-2.260941215905036827e-01,-5.028155270960956713e-01,1.899285363056709031e+00
-2.231813959076456300e-01,-4.950496183072249368e-01,1.870757040041810537e+00
-2.203859702622930072e-01,-4.865756026043849269e-01,1.841786560821786267e+00
-2.203859702622490424e-01,-4.865756026043629445e-01,1.841786560821710772e+00
-2.177001650356924500e-01,-4.774323978406462832e-01,1.812400535637551213e+00
-2.151168653884245607e-01,-4.676567592499315529e-01,1.782624270930180499e+00
-2.126294692226355920e-01,-4.572833903553525925e-01,1.752481882895001952e+00
-2.102318405581447003e-01,-4.463450631687659875e-01,1.721996414125938513e+00
-2.079182676760984450e-01,-4.348727447211360175e-01,1.691189952582183409e+00
-2.056834254695707465e-01,-4.228957277276119697e-01,1.660083752516535949e+00
-2.035223415128233349e-01,-4.104417638396709034e-01,1.628698357359092741e+00
-2.014303654231848206e-01,-3.975371984883936394e-01,1.597053724868037428e+00
-1.994031411429872946e-01,-3.842071067945348473e-01,1.565169355150477060e+00
-1.994031411430339240e-01,-3.842071067944982099e-01,1.565169355150390684e+00
-1.974366863955632212e-01,-3.704900360441969465e-01,1.533098206581270606e+00
-1.955270014917616095e-01,-3.563965196044804884e-01,1.500829107188488942e+00
-1.936703640546277860e-01,-3.419125543482004481e-01,1.468300586710884481e+00
-1.918635141275109035e-01,-3.270286271860939342e-01,1.435468173154164973e+00
-1.901035219460958103e-01,-3.117383005607406998e-01,1.402299143914536472e+00
-1.883877037891084072e-01,-2.960360010577780532e-01,1.368766400125995819e+00
-1.867135778500905730e-01,-2.799139838307003192e-01,1.334841350307634622e+00
-1.850788535997676121e-01,-2.633584026248315668e-01,1.300485634909414268e+00
-1.834814493136205371e-01,-2.463443664345016382e-01,1.265641456377395002e+00
-1.834814493136205371e-01,-2.463443664345016382e-01,1.265641456377395002e+00
-1.819195052443869365e-01,-2.288350196240269696e-01,1.230230679165037255e+00
-1.803912902847906174e-01,-2.107967891053886822e-01,1.194186045407499064e+00
-1.788952015922689043e-01,-1.921911746202077387e-01,1.157434166661546193e+00
-1.774297743555197648e-01,-1.729698745301901930e-01,1.119886214209204756e+00
-1.759936743188199593e-01,-1.530734371915204450e-01,1.081436005702609116e+00
-1.745856879087570590e-01,-1.324294695489479645e-01,1.041957379061070554e+00
-1.732047103178722125e-01,-1.109502040168026671e-01,1.001300545606188752e+00
-1.718497318430860510e-01,-8.852912161856107964e-02,9.592869524930915937e-01
-1.705198227323396765e-01,-6.503615776276971960e-02,9.157019155320438308e-01
-1.705198227323396765e-01,-6.503615776276994165e-02,9.157019155320442749e-01
-1.692141249849710150e-01,-4.030968479550622874e-02,8.702819260565064496e-01
-1.679318713061115353e-01,-1.414129205631475816e-02,8.226898840373011446e-01
-1.666723685982356429e-01,1.374164117705445332e-02,7.724882120442089217e-01
-1.654349869342008894e-01,4.370571075292967178e-02,7.190923728283769023e-01
-1.642191552068115179e-01,7.626398784418120247e-02,6.616885970886947632e-01
-1.630243574766390147e-01,1.121736696085669505e-01,5.990810006864140114e-01
-1.618501299381844838e-01,1.526379200823944071e-01,5.293758255692839754e-01
-1.606960584332806086e-01,1.997920387260444519e-01,4.492214013274242745e-01
-1.595617764481085388e-01,2.582041731478847413e-01,3.514635891244681787e-01
0.000000000000000000e+00,-0.000000000000000000e+00,-0.000000000000000000e+00
2.089710932865319198e-02,-1.481449745049150330e-03,-7.393085725771093592e-04
4.177940725111024128e-02,-5.909013562627864723e-03,-2.948857628768398933e-03
6.263209285917022140e-02,-1.323252538551829456e-02,-6.603612094876243170e-03
8.344038623318184023e-02,-2.336900689844019149e-02,-1.166216214243382364e-02
1.041895389177217579e-01,-3.620360771551971169e-02,-1.806719237810830783e-02
1.248648443749715842e-01,-5.159090668105300453e-02,-2.574613125000924096e-02
1.454516484083847871e-01,-6.935655954930793066e-02,-3.461197331236973151e-02
1.659353595492550904e-01,-8.929927437449239336e-02,-4.456426503201246087e-02
1.863014593988251422e-01,-1.111930922289325885e-01,-5.549024296701989684e-02
2.065355129186041971e-01,-1.347899474080119786e-01,-6.726611142158915591e-02
2.266231786616025312e-01,-1.598224781137266570e-01,-7.975844510073167026e-02
2.465502189372298369e-01,-1.860070557706891281e-01,-9.282570087217946464e-02
2.663025099026538056e-01,-2.130469986512196212e-01,-1.063198215066315927e-01
2.858660515734654517e-01,-2.406359333978688453e-01,-1.200879132253226955e-01
3.052269777465567158e-01,-2.684612663559781121e-01,-1.339739780476296160e-01
3.243715658281768333e-01,-2.962077253846932545e-01,-1.478206813105256978e-01
3.432862465602015134e-01,-3.235609320162965430e-01,-1.614711343331804716e-01
3.619576136377207765e-01,-3.502109634898649682e-01,-1.747706720284029625e-01
3.803724332111304007e-01,-3.758558642999906829e-01,-1.875686053198806214e-01
3.985176532659893134e-01,-4.002050674733126367e-01,-1.997199285096263877e-01
4.163804128739977961e-01,-4.229826868084291536e-01,-2.110869622504780163e-01
4.339480513085368640e-01,-4.439306427767985563e-01,-2.215409135081155279e-01
4.512081170183094847e-01,-4.628115866669205158e-01,-2.309633348376027850e-01
4.681483764527236135e-01,-4.794115898400777009e-01,-2.392474664402682027e-01
4.847568227327606616e-01,-4.935425676272934825e-01,-2.462994457948825822e-01
5.010216841611837557e-01,-5.050444104037865589e-01,-2.520393711575301676e-01
5.169314325660554488e-01,-5.137867976949959115e-01,-2.564022068802943588e-01
5.324747914716486674e-01,-5.196706747596315790e-01,-2.593385202911354659e-01
5.476407440909630830e-01,-5.226293749194732552e-01,-2.608150417858174364e-01
5.624185411341774410e-01,-5.226293749194732552e-01,-2.608150417858174364e-01
5.767977084275078825e-01,-5.196706747596315790e-01,-2.593385202911354659e-01
5.907680543370686932e-01,-5.137867976949959115e-01,-2.564022068802943588e-01
6.043196769924764622e-01,-5.050444104037865589e-01,-2.520393711575301676e-01
6.174429713050743063e-01,-4.935425676272934825e-01,-2.462994457948825822e-01
6.301286357758065781e-01,-4.794115898400776454e-01,-2.392474664402681750e-01
6.423676790879127019e-01,-4.628115866669204603e-01,-2.309633348376027573e-01
6.541514264797743117e-01,-4.439306427767985563e-01,-2.215409135081155279e-01
6.654715258933916466e-01,-4.229826868084292646e-01,-2.110869622504780718e-01
6.763199538941377931e-01,-4.002050674733126923e-01,-1.997199285096264154e-01
6.866890213575895796e-01,-3.758558642999907384e-01,-1.875686053198806491e-01
6.965713789194086791e-01,-3.502109634898650237e-01,-1.747706720284029902e-01
7.059600221844071211e-01,-3.235609320162966540e-01,-1.614711343331805271e-01
7.148482966911068326e-01,-2.962077253846933655e-01,-1.478206813105257533e-01
7.232299026282742460e-01,-2.684612663559780010e-01,-1.339739780476295605e-01
7.310988993000856473e-01,-2.406359333978686788e-01,-1.200879132253225984e-01
7.384497093367612397e-01,-2.130469986512195102e-01,-1.063198215066315372e-01
7.452771226476793132e-01,-1.860070557706890171e-01,-9.282570087217942301e-02
7.515763001141743116e-01,-1.598224781137265738e-01,-7.975844510073161475e-02
7.573427770193950082e-01,-1.347899474080119231e-01,-6.726611142158912815e-02
7.625724662127973952e-01,-1.111930922289325607e-01,-5.549024296701988296e-02
7.672616610070254195e-01,-8.929927437449236560e-02,-4.456426503201244005e-02
7.714070378051289811e-01,-6.935655954930790290e-02,-3.461197331236971764e-02
7.750056584562554640e-01,-5.159090668105285882e-02,-2.574613125000916811e-02
7.780549723381456895e-01,-3.620360771551960066e-02,-1.806719237810824885e-02
7.805528181649576958e-01,-2.336900689844021925e-02,-1.166216214243383752e-02
7.824974255191389227e-01,-1.323252538551823732e-02,-6.603612094876213680e-03
7.838874161062581170e-01,-5.909013562627836100e-03,-2.948857628768384621e-03
7.847218047319103329e-01,-1.481449745049150330e-03,-7.393085725771093592e-04
7.850000000000000311e-01,-0.000000000000000000e+00,-0.000000000000000000e+00
8.437663774572836672e-01,-4.571074363628286896e-01,1.726524647667532886e+00
8.319607614437511955e-01,-4.675029909210960399e-01,1.754972608478446494e+00
8.197786009254768302e-01,-4.772349027918271203e-01,1.782589455882213514e+00
8.072126432052106892e-01,-4.863080769480881971e-01,1.809379254129217740e+00
7.942560437487244940e-01,-4.947275984919795588e-01,1.835345048334086071e+00
7.809024573781542244e-01,-5.024989752168880219e-01,1.860489119479877829e+00
7.671461378915882534e-01,-5.096283706684904269e-01,1.884813225628881428e+00
7.529820461588250247e-01,-5.161228274007549910e-01,1.908318831686936612e+00
7.384059665805104977e-01,-5.219904792860186049e-01,1.931007329216929636e+00
7.234146316008711608e-01,-5.272407509757806032e-01,1.952880247045377882e+00
7.234146316008711608e-01,-5.272407509757806032e-01,1.952880247045377882e+00
7.080058537317954759e-01,-5.318845419275282094e-01,1.973939452737669464e+00
6.921786642763785302e-01,-5.359343918277980068e-01,1.994187344427489128e+00
6.759334576315794152e-01,-5.394046237742300409e-01,2.013627031975333104e+00
6.592721397212599754e-01,-5.423114612524987388e-01,2.032262505990248602e+00
6.421982787428568429e-01,-5.446731147925879535e-01,2.050098792917752988e+00
6.247172560315079615e-01,-5.465098342335801274e-01,2.067142094160030918e+00
6.068364144611475552e-01,-5.478439227931704014e-01,2.083399907073871127e+00
5.885652014277584776e-01,-5.486997096439646393e-01,2.098881125698143002e+00
5.699153031153270099e-01,-5.491034784485608888e-01,2.113596119202433954e+00
5.699153031151267257e-01,-5.491034784485685494e-01,2.113596119202505008e+00
5.509007664471639032e-01,-5.490833502918490705e-01,2.127556786327539307e+00
5.315381049128027335e-01,-5.486691206478143679e-01,2.140776584490028611e+00
5.118463843799556656e-01,-5.478920513935046088e-01,2.153270532723404074e+00
4.918472849400110647e-01,-5.450561261921580414e-01,2.165055188313393941e+00
4.715651350466800729e-01,-5.213682032473989647e-01,2.176148597628861925e+00
4.510269145402725499e-01,-4.986118820166434151e-01,2.186570222382514750e+00
4.302622236562623215e-01,-4.768050508322303482e-01,2.196340843283727473e+00
4.093032158132672294e-01,-4.559611144166439978e-01,2.205482443722129648e+00
3.881844928458635380e-01,-4.360888138554348537e-01,2.214018076710193572e+00
3.881844928454123433e-01,-4.360888138546223924e-01,2.214018076710539074e+00
3.669682054676912664e-01,-4.172071803580257310e-01,2.221965439400414688e+00
3.456706412463068645e-01,-3.992993695104172236e-01,2.229356167247166010e+00
3.242730848612236372e-01,-3.823291721310995150e-01,2.236227817341928770e+00
3.027724583482136467e-01,-3.662722487195075871e-01,2.242610973263983176e+00
2.811774124540069586e-01,-3.511110197871183392e-01,2.248531797424737189e+00
2.595037600930889532e-01,-3.368305561993421016e-01,2.254013927070410706e+00
2.377693107017391227e-01,-3.234155339668383089e-01,2.259079776064729206e+00
2.159881783028492208e-01,-3.108483018605816550e-01,2.263751300699179847e+00
1.941646506568983632e-01,-2.991080913315369294e-01,2.268050284624768764e+00
1.941646506568983632e-01,-2.991080913315369294e-01,2.268050284624768764e+00
1.722938818289052598e-01,-2.881730711121222033e-01,2.271997587618046932e+00
1.503845075241954099e-01,-2.780265158582999607e-01,2.275611008298127125e+00
1.284473567115176351e-01,-2.686525845492975240e-01,2.278906939968717182e+00
1.064904517356328739e-01,-2.600353504973955676e-01,2.281900772929772891e+00
8.451965875212508195e-02,-2.521593932960080053e-01,2.284606735030888736e+00
6.253940655954215444e-02,-2.450102335190567082e-01,2.287037796194252071e+00
4.055346039655605139e-02,-2.385746089480860199e-01,2.289205630413424952e+00
1.856573611991141348e-02,-2.328405924394207904e-01,2.291120629708871093e+00
-3.418860707702808810e-03,-2.277975524665867280e-01,2.292791965626233441e+00
-3.418860707702808810e-03,-2.277975524665891705e-01,2.292791965626232997e+00
-2.539456173992649113e-02,-2.234360129514578741e-01,2.294227677015363120e+00
-4.735778767937892653e-02,-2.197477925657571607e-01,2.295434659365348296e+00
-6.930548694165850065e-02,-2.167261488706364592e-01,2.296418648971412679e+00
-9.123441880760241318e-02,-2.143657549273565444e-01,2.297184257089469828e+00
-1.131412170956447305e-01,-2.126626851064006285e-01,2.297734995276571102e+00
-1.350224560416424247e-01,-2.116144145637277596e-01,2.298073290812276070e+00
-1.568747168187836216e-01,-2.112198324701497487e-01,2.298200492395847228e+00
-1.786946531248077008e-01,-2.114792689587512431e-01,2.298116866197641883e+00
-2.004790542845404921e-01,-2.123945356369583148e-01,2.297821582226692527e+00
-4.392723330055212649e-01,-4.218770053795550812e-01,1.699147862013826060e+00
-4.384235946763075376e-01,-4.267696399436639032e-01,1.712784381784512533e+00
-4.375618359543742564e-01,-4.315270691210264520e-01,1.726282628380503503e+00
-4.366867562179330697e-01,-4.361492052980207035e-01,1.739644245439588843e+00
-4.357980455603400749e-01,-4.406358524800672027e-01,1.752870746194693519e+00
-4.348953844305647465e-01,-4.449867088311557639e-01,1.765963518271796318e+00
-4.339784432568993822e-01,-4.492013689783638242e-01,1.778923828099360671e+00
-4.330468820529986829e-01,-4.532793261040169996e-01,1.791752824961261981e+00
-4.321003500052769120e-01,-4.572199738465768659e-01,1.804451544722347034e+00
-4.311384850406296820e-01,-4.610226080299915097e-01,1.817020913253281966e+00
-4.311384850406296820e-01,-4.610226080299916207e-01,1.817020913253281744e+00
-4.301609133732924306e-01,-4.646864282401022006e-01,1.829461749579182950e+00
-4.291672490295534992e-01,-4.682105392657731624e-01,1.841774768774611104e+00
-4.281570933497582665e-01,-4.715939524214299849e-01,1.853960584625275132e+00
-4.271300344656214776e-01,-4.748355867673264008e-01,1.866019712076109283e+00
-4.260856467515377055e-01,-4.779342702431921275e-01,1.877952569483653633e+00
-4.250234902484666399e-01,-4.808887407305533213e-01,1.889759480689517712e+00
-4.239431100587931489e-01,-4.836976470587481813e-01,1.901440676930773455e+00
-4.228440357104532588e-01,-4.863595499695108071e-01,1.912996298602246847e+00
-4.217257804884941841e-01,-4.888729230549117011e-01,1.924426396884952428e+00
-4.217257804887228900e-01,-4.888729230550946658e-01,1.924426396885803747e+00
-4.205878407326291146e-01,-4.912361536836491460e-01,1.935730935255153051e+00
-4.194296950974303329e-01,-4.934475439295902266e-01,1.946909790882126456e+00
-4.182508037743142282e-01,-4.955053115202404657e-01,1.957962755939756994e+00
-4.170506076710140952e-01,-4.974075908170109139e-01,1.968889538827666374e+00
-4.158285275488120547e-01,-4.991524338456401200e-01,1.979689765326651862e+00
-4.145839631130678882e-01,-5.007378113916772788e-01,1.990362979695173173e+00
-4.133162920543638208e-01,-5.021616141776763520e-01,2.000908645719530199e+00
-4.120248690371108857e-01,-5.034216541390026389e-01,2.011326147729444180e+00
-4.107090246322759874e-01,-5.045156658156496610e-01,2.021614791590764071e+00
-4.107090246320255211e-01,-5.045156658157027296e-01,2.021614791591297866e+00
-4.093680641874475334e-01,-5.054413078774611101e-01,2.031773805680543443e+00
-4.080012666355217199e-01,-5.061961648039864370e-01,2.041802341887071215e+00
-4.066078832401305299e-01,-5.067777487329814257e-01,2.051699476601992256e+00
-4.051871362647219144e-01,-5.071835014997008173e-01,2.061464211726226736e+00
-4.037382175653276839e-01,-5.074107968888104114e-01,2.071095475728678803e+00
-4.022602871015248382e-01,-5.074569431177674561e-01,2.080592124753841254e+00
-4.007524713597527821e-01,-5.073191855727089417e-01,2.089952943791494988e+00
-3.992138616829565834e-01,-5.069947098182563394e-01,2.099176647921376926e+00
-3.976435125000663540e-01,-5.064806449030243574e-01,2.108261883645875301e+00
-3.976435125000663540e-01,-5.064806449030243574e-01,2.108261883645875301e+00
-3.960404394483205692e-01,-5.057740669829640101e-01,2.117207230322675215e+00
-3.944036173809375434e-01,-5.048720032850928519e-01,2.126011201708359444e+00
-3.927319782517710856e-01,-5.037714364329470840e-01,2.134672247636879572e+00
-3.910244088682008901e-01,-5.024693091560370473e-01,2.143188755838561832e+00
-3.892797485026830984e-01,-5.009625294049633304e-01,2.151559053913675079e+00
-3.874967863525848877e-01,-4.992479758931549494e-01,2.159781411475227841e+00
-3.856742588370547509e-01,-4.899877337822029499e-01,2.167854042474493426e+00
-3.838108467187426598e-01,-4.719239047723167157e-01,2.175775107722552448e+00
-3.819051720371322567e-01,-4.538671875830631031e-01,2.183542717620830853e+00
-3.819051720371322567e-01,-4.538671875830631031e-01,2.183542717620830853e+00
-3.799557948391236728e-01,-4.358220087604109949e-01,2.191154935113320157e+00
-3.779612096912048358e-01,-4.177930081978891153e-01,2.198609778872761655e+00
-3.759198419562514992e-01,-3.997850378798641913e-01,2.205905226730931812e+00
-3.738300438164623429e-01,-3.818031598703248708e-01,2.213039219364371313e+00
-3.716900900222577242e-01,-3.638526435006623760e-01,2.220009664244975589e+00
-3.694981733451498940e-01,-3.459389617124086769e-01,2.226814439863591844e+00
-3.672523997106087457e-01,-3.280677865137771043e-01,2.233451400233530837e+00
-3.649507829847040696e-01,-3.102449835123703981e-01,2.239918379679374905e+00
-3.625912393859005434e-01,-2.924766054909315738e-01,2.246213197914749049e+00
-2.974703873555841760e-01,-2.624399624160678179e-01,2.284960768132297204e+00
-2.904573841647497545e-01,-3.097100751296815169e-01,2.267986030374047335e+00
-2.838698021692938056e-01,-3.572268080449541028e-01,2.249902580184203416e+00
-2.776716708231941055e-01,-4.048616478775413086e-01,2.230761585365348409e+00
-2.718307012170040338e-01,-4.524966786942963282e-01,2.210614627264698040e+00
-2.663178400712804539e-01,-5.000251993630386860e-01,2.189513050503915981e+00
-2.611068849657618429e-01,-5.473519732703198137e-01,2.167507431311712196e+00
-2.561741515195019581e-01,-5.555593647400722812e-01,2.144647157051872810e+00
-2.514981847522759217e-01,-5.558773955726945548e-01,2.120980106702320178e+00
-2.470595081130033677e-01,-5.550109051283080852e-01,2.096552420493172697e+00
-2.470595081130033677e-01,-5.550109051283145245e-01,2.096552420493172697e+00
-2.428404047019800949e-01,-5.530231327029341282e-01,2.071408346394785216e+00
-2.388247260781324321e-01,-5.499752227623422307e-01,2.045590151395445311e+00
-2.349977247613712628e-01,-5.459259394827790102e-01,2.019138086280385380e+00
-2.313459071389929456e-01,-5.409314813892478480e-01,1.992090393716735353e+00
-2.278569039850282252e-01,-5.350453780572822504e-01,1.964483350702117326e+00
-2.245193562196465820e-01,-5.283184529159373755e-01,1.936351337731822664e+00
-2.213228138863403416e-01,-5.207988383502555330e-01,1.907726928300408131e+00
-2.182576466192243103e-01,-5.125320314099333086e-01,1.878640993528024605e+00
-2.153149641209002318e-01,-5.035609803992860956e-01,1.849122817762750337e+00
-2.153149641208993437e-01,-5.035609803992858735e-01,1.849122817762748561e+00
-2.124865453807855964e-01,-4.939261944034060159e-01,1.819200221946997376e+00
-2.097647755410139148e-01,-4.836658693767003081e-01,1.788899692350324422e+00
-2.071425894671898860e-01,-4.728160257826140578e-01,1.758246512972353681e+00
-2.046134212092014515e-01,-4.614106539362425874e-01,1.727264900512959667e+00
-2.021711586459491450e-01,-4.494818641874356313e-01,1.695978141319854693e+00
-1.998101027007694874e-01,-4.370600399101922662e-01,1.664408730161786254e+00
-1.975249305938060473e-01,-4.241739919585938434e-01,1.632578511056926640e+00
-1.953106626657121758e-01,-4.108511138332257007e-01,1.600508820725591086e+00
-1.931626323656141508e-01,-3.971175372963963168e-01,1.568220635547624031e+00
-1.931626323656212563e-01,-3.971175372963933192e-01,1.568220635547616926e+00
-1.910764073681288089e-01,-3.830139543631383425e-01,1.535770402959271363e+00
-1.890478540487259274e-01,-3.685510894498755796e-01,1.503146979882192147e+00
-1.870733443807468532e-01,-3.537136028176905977e-01,1.470286299922381357e+00
-1.851496242610961573e-01,-3.384912460662931055e-01,1.437142463787862035e+00
-1.832737090322225093e-01,-3.228773079581173100e-01,1.403682200876549935e+00
-1.814428286087430564e-01,-3.068662327249717103e-01,1.369878416283945022e+00
-1.796544139157711939e-01,-2.904503818985749719e-01,1.335702703207952924e+00
-1.779061179217413802e-01,-2.736158655275678919e-01,1.301116643630833236e+00
-1.761958658032996006e-01,-2.563373175862900810e-01,1.266061650208520240e+00
-1.761958658032996006e-01,-2.563373175862900810e-01,1.266061650208520240e+00
-1.745218611399983466e-01,-2.385769778647724992e-01,1.230458075899399484e+00
-1.728823634584890634e-01,-2.203009743305717194e-01,1.194238218435519361e+00
-1.712757529659514333e-01,-2.014706251176837659e-01,1.157328454534900297e+00
-1.697005678333005640e-01,-1.820373319967575343e-01,1.119639527023065906e+00
-1.681554922223891246e-01,-1.619412534212817389e-01,1.081064669244351517e+00
-1.666393418543710148e-01,-1.411095381266327387e-01,1.041477022108388439e+00
-1.651510474772943660e-01,-1.194539212704268660e-01,1.000726037286756576e+00
-1.636896365348055049e-01,-9.686738248498483195e-02,9.586323988803404639e-01
-1.622542132946191984e-01,-7.321939441203273446e-02,9.149807281506254775e-01
-1.622542132946191984e-01,-7.321939441203273446e-02,9.149807281506254775e-01
-1.608439512533625937e-01,-4.834789806065431517e-02,8.695068774174168347e-01
-1.594581287703906725e-01,-2.204387763253623511e-02,8.218728189856880917e-01
-1.580961033806911331e-01,5.966021551549127722e-03,7.716398409764244626e-01
-1.567572968288852842e-01,3.604928841240134796e-02,7.182220223535189518e-01
-1.554411910808104480e-01,6.872019460698014504e-02,6.608037281293679399e-01
-1.541473250553733187e-01,1.047377713197134574e-01,5.981862164192324194e-01
-1.528752919931051224e-01,1.453084738563348854e-01,5.284705924542798527e-01
-1.516247373867756210e-01,1.925748903589899474e-01,4.482938038935309066e-01
-1.503953574069099020e-01,2.511273426929214736e-01,3.504670899113739857e-01
0.000000000000000000e+00,-0.000000000000000000e+00,-0.000000000000000000e+00
2.089710932865319198e-02,-1.481449745049150330e-03,-7.393085725771093592e-04
4.177940725111024128e-02,-5.909013562627864723e-03,-2.948857628768398933e-03
6.263209285917022140e-02,-1.323252538551829456e-02,-6.603612094876243170e-03
8.344038623318184023e-02,-2.336900689844019149e-02,-1.166216214243382364e-02
1.041895389177217579e-01,-3.620360771551971169e-02,-1.806719237810830783e-02
1.248648443749715842e-01,-5.159090668105300453e-02,-2.574613125000924096e-02
1.454516484083847871e-01,-6.935655954930793066e-02,-3.461197331236973151e-02
1.659353595492550904e-01,-8.929927437449239336e-02,-4.456426503201246087e-02
1.863014593988251422e-01,-1.111930922289325885e-01,-5.549024296701989684e-02
2.065355129186041971e-01,-1.347899474080119786e-01,-6.726611142158915591e-02
2.266231786616025312e-01,-1.598224781137266570e-01,-7.975844510073167026e-02
2.465502189372298369e-01,-1.860070557706891281e-01,-9.282570087217946464e-02
2.663025099026538056e-01,-2.130469986512196212e-01,-1.063198215066315927e-01
2.858660515734654517e-01,-2.406359333978688453e-01,-1.200879132253226955e-01
3.052269777465567158e-01,-2.684612663559781121e-01,-1.339739780476296160e-01
3.243715658281768333e-01,-2.962077253846932545e-01,-1.478206813105256978e-01
3.432862465602015134e-01,-3.235609320162965430e-01,-1.614711343331804716e-01
3.619576136377207765e-01,-3.502109634898649682e-01,-1.747706720284029625e-01
3.803724332111304007e-01,-3.758558642999906829e-01,-1.875686053198806214e-01
3.985176532659893134e-01,-4.002050674733126367e-01,-1.997199285096263877e-01
4.163804128739977961e-01,-4.229826868084291536e-01,-2.110869622504780163e-01
4.339480513085368640e-01,-4.439306427767985563e-01,-2.215409135081155279e-01
4.512081170183094847e-01,-4.628115866669205158e-01,-2.309633348376027850e-01
4.681483764527236135e-01,-4.794115898400777009e-01,-2.392474664402682027e-01
4.847568227327606616e-01,-4.935425676272934825e-01,-2.462994457948825822e-01
5.010216841611837557e-01,-5.050444104037865589e-01,-2.520393711575301676e-01
5.169314325660554488e-01,-5.137867976949959115e-01,-2.564022068802943588e-01
5.324747914716486674e-01,-5.196706747596315790e-01,-2.593385202911354659e-01
5.476407440909630830e-01,-5.226293749194732552e-01,-2.608150417858174364e-01
5.624185411341774410e-01,-5.226293749194732552e-01,-2.608150417858174364e-01
5.767977084275078825e-01,-5.196706747596315790e-01,-2.593385202911354659e-01
5.907680543370686932e-01,-5.137867976949959115e-01,-2.564022068802943588e-01
6.043196769924764622e-01,-5.050444104037865589e-01,-2.520393711575301676e-01
6.174429713050743063e-01,-4.935425676272934825e-01,-2.462994457948825822e-01
6.301286357758065781e-01,-4.794115898400776454e-01,-2.392474664402681750e-01
6.423676790879127019e-01,-4.628115866669204603e-01,-2.309633348376027573e-01
6.541514264797743117e-01,-4.439306427767985563e-01,-2.215409135081155279e-01
6.654715258933916466e-01,-4.229826868084292646e-01,-2.110869622504780718e-01
6.763199538941377931e-01,-4.002050674733126923e-01,-1.997199285096264154e-01
6.866890213575895796e-01,-3.758558642999907384e-01,-1.875686053198806491e-01
6.965713789194086791e-01,-3.502109634898650237e-01,-1.747706720284029902e-01
7.059600221844071211e-01,-3.235609320162966540e-01,-1.614711343331805271e-01
7.148482966911068326e-01,-2.962077253846933655e-01,-1.478206813105257533e-01
7.232299026282742460e-01,-2.684612663559780010e-01,-1.339739780476295605e-01
7.310988993000856473e-01,-2.406359333978686788e-01,-1.200879132253225984e-01
7.384497093367612397e-01,-2.130469986512195102e-01,-1.063198215066315372e-01
7.452771226476793132e-01,-1.860070557706890171e-01,-9.282570087217942301e-02
7.515763001141743116e-01,-1.598224781137265738e-01,-7.975844510073161475e-02
7.573427770193950082e-01,-1.347899474080119231e-01,-6.726611142158912815e-02
7.625724662127973952e-01,-1.111930922289325607e-01,-5.549024296701988296e-02
7.672616610070254195e-01,-8.929927437449236560e-02,-4.456426503201244005e-02
7.714070378051289811e-01,-6.935655954930790290e-02,-3.461197331236971764e-02
7.750056584562554640e-01,-5.159090668105285882e-02,-2.574613125000916811e-02
7.780549723381456895e-01,-3.620360771551960066e-02,-1.806719237810824885e-02
7.805528181649576958e-01,-2.336900689844021925e-02,-1.166216214243383752e-02
7.824974255191389227e-01,-1.323252538551823732e-02,-6.603612094876213680e-03
7.838874161062581170e-01,-5.909013562627836100e-03,-2.948857628768384621e-03
7.847218047319103329e-01,-1.481449745049150330e-03,-7.393085725771093592e-04
7.850000000000000311e-01,-0.000000000000000000e+00,-0.000000000000000000e+00
8.429692251980420714e-01,-4.474084516069899431e-01,1.713967125179635342e+00
8.313885354626067148e-01,-4.577089550719077859e-01,1.742064493033604222e+00
8.194461159071702028e-01,-4.673646863490651393e-01,1.769350511869439480e+00
8.071350334791658199e-01,-4.763809901167178618e-01,1.795830094150689060e+00
7.944487193678040349e-01,-4.847633033115913426e-01,1.821507096614583432e+00
7.813810503848848121e-01,-4.925173822401796020e-01,1.846384563951350977e+00
7.679264378118961787e-01,-4.996495199107525709e-01,1.870464958047080462e+00
7.540799237783546438e-01,-5.061667536163549919e-01,1.893750375245193185e+00
7.398372851024190844e-01,-5.120770620426141617e-01,1.916242753282538569e+00
7.251951443624582438e-01,-5.173895504899616027e-01,1.937944068857385904e+00
7.251951443624582438e-01,-5.173895504899616027e-01,1.937944068857385904e+00
7.101510877760071061e-01,-5.221146221896660888e-01,1.958856526170587031e+00
6.947037892396816794e-01,-5.262641331661735977e-01,1.978982736238661166e+00
6.788531396307133647e-01,-5.298515276696826870e-01,1.998325886306389743e+00
6.626003801904740698e-01,-5.328919508914784497e-01,2.016889898285940230e+00
6.459482385060795195e-01,-5.354023355025043784e-01,2.034679574829314497e+00
6.289010652850075545e-01,-5.374014585441770908e-01,2.051700731406514322e+00
6.114649697885679025e-01,-5.389099653689117808e-01,2.067960312622822983e+00
5.936479514648071998e-01,-5.399503576907400682e-01,2.083466490973530760e+00
5.754600250148347307e-01,-5.405469433708511851e-01,2.098228746309463766e+00
5.754600250147956508e-01,-5.405469433708540716e-01,2.098228746309525494e+00
5.569133358555835578e-01,-5.407257463255102925e-01,2.112257924474627124e+00
5.380222627271060709e-01,-5.405143758904832341e-01,2.125566273875248768e+00
5.188035040540439624e-01,-5.399418560790061328e-01,2.138167459141323334e+00
4.992761446276845483e-01,-5.390384163888339852e-01,2.150076551531016733e+00
4.794616992517455323e-01,-5.378352470967580068e-01,2.161309996287044566e+00
4.593841302065739818e-01,-5.209353542519077340e-01,2.171885557752967433e+00
4.390698357443265643e-01,-4.991833181753868587e-01,2.181822243669364170e+00
4.185476073396543484e-01,-4.783507899374892514e-01,2.191140210659847654e+00
3.978485540836795842e-01,-4.584484500449406141e-01,2.199860653452024195e+00
3.978485540836786960e-01,-4.584484500449483857e-01,2.199860653452020642e+00
3.770291288240406047e-01,-4.394970782721148161e-01,2.207999556513844386e+00
3.561038754308167853e-01,-4.214834920003946994e-01,2.215586487303903951e+00
3.350553715948856315e-01,-4.043758937228281169e-01,2.222656967178437082e+00
3.138806383818155687e-01,-3.881536706417119120e-01,2.229239897455306263e+00
2.925875704761127238e-01,-3.728026088321372278e-01,2.235359989425462768e+00
2.711907637980277563e-01,-3.583110051032543097e-01,2.241039585093721698e+00
2.497067890143198632e-01,-3.446667409429118312e-01,2.246299923014503985e+00
2.281489725931669099e-01,-3.318553690025185521e-01,2.251161900655238579e+00
2.065217609564009571e-01,-3.198592458964122365e-01,2.255646382415379403e+00
2.065217609564009571e-01,-3.198592458964122365e-01,2.255646382415379403e+00
1.848213386546877501e-01,-3.086594384716874195e-01,2.259773473532308952e+00
1.630564025757901270e-01,-2.982418891936862160e-01,2.263560323391379470e+00
1.412378019955631281e-01,-2.885932837408993201e-01,2.267022769847559349e+00
1.193739386558747562e-01,-2.797000522188137772e-01,2.270175748729678311e+00
9.747135558714781212e-02,-2.715489319999462303e-01,2.273033130131489887e+00
7.553538930652203831e-02,-2.641273881591086337e-01,2.275607615261303618e+00
5.357087358140288913e-02,-2.574238892560340997e-01,2.277910688053045085e+00
3.158288173275014543e-02,-2.514280375384012611e-01,2.279952616555040557e+00
9.577493473602594065e-03,-2.461305536141220607e-01,2.281742500060015555e+00
9.577493473603038154e-03,-2.461305536141211725e-01,2.281742500060015999e+00
-1.243832831388802518e-02,-2.415231482524033968e-01,2.283288348311548699e+00
-3.445956306591835272e-02,-2.375985962984594746e-01,2.284597086991202453e+00
-5.648161180699462491e-02,-2.343509081900403412e-01,2.285674527423249724e+00
-7.849964542041654170e-02,-2.317753266698652226e-01,2.286525390901553045e+00
-1.005086732267681526e-01,-2.298683162324426377e-01,2.287153330466206391e+00
-1.225036140552684394e-01,-2.286275648120168480e-01,2.287560943875137198e+00
-1.444793682834730753e-01,-2.280519978030342010e-01,2.287749777955025987e+00
-1.664308893039669890e-01,-2.281418043927243566e-01,2.287720324408623718e+00
-1.883532528874138912e-01,-2.288984760757331038e-01,2.287472007047981482e+00
-4.263296519865122924e-01,-3.957765684222193103e-01,1.661758190513262790e+00
-4.254466866604467157e-01,-4.010116553498918046e-01,1.676115807867505803e+00
-4.245498653382964171e-01,-4.060994942590245849e-01,1.690319056858242019e+00
-4.236388607690750874e-01,-4.110402528512481224e-01,1.704370085879948871e+00
-4.227133353627601231e-01,-4.158339675210788178e-01,1.718270879167877130e+00
-4.217729407806372066e-01,-4.204805472215786821e-01,1.732023263738025065e+00
-4.208173175061142857e-01,-4.249797769773627776e-01,1.745628915749418253e+00
-4.198460943949098301e-01,-4.293313210798987978e-01,1.759089366339501970e+00
-4.188588882034651739e-01,-4.335347259971721323e-01,1.772406006978522575e+00
-4.178553030943352731e-01,-4.375894230273299490e-01,1.785580094384456640e+00
-4.178553030943352731e-01,-4.375894230273299490e-01,1.785580094384456640e+00
-4.168349301172438182e-01,-4.414947307237675478e-01,1.798612755036150590e+00
-4.157973466645477068e-01,-4.452498571173288955e-01,1.811504989318981407e+00
-4.147421158996849044e-01,-4.488539017600109426e-01,1.824257675335317685e+00
-4.136687861565233604e-01,-4.523058576128465846e-01,1.836871572407971609e+00
-4.125768903081401540e-01,-4.556046127998483186e-01,1.849347324303466822e+00
-4.114659451032838255e-01,-4.587489522490424410e-01,1.861685462199932584e+00
-4.103354504685716719e-01,-4.617375592409135310e-01,1.873886407422664213e+00
-4.091848887743712027e-01,-4.645690168840783674e-01,1.885950473968875052e+00
-4.080137240621350969e-01,-4.672418095376589253e-01,1.897877870841887971e+00
-4.080137240619174932e-01,-4.672418095376221769e-01,1.897877870841720993e+00
-4.068214012314870232e-01,-4.697543241995940644e-01,1.909668704214022128e+00
-4.056073451860129353e-01,-4.721048518802376526e-01,1.921322979437410261e+00
-4.043709599254827758e-01,-4.742915889794803164e-01,1.932840602915801176e+00
-4.031116275944262028e-01,-4.763126386879297236e-01,1.944221383859958019e+00
-4.018287074785731328e-01,-4.781660124308790838e-01,1.955465035939712770e+00
-4.005215349460655716e-01,-4.798496313749461839e-01,1.966571178849146451e+00
-3.991894203296397770e-01,-4.813613280174310338e-01,1.977539339800181484e+00
-3.978316477459369338e-01,-4.826988478788720727e-01,1.988368954959803148e+00
-3.964474738478038773e-01,-4.838598513197630568e-01,1.999059370845964745e+00
-3.964474738479673022e-01,-4.838598513197627238e-01,1.999059370845955419e+00
-3.950361264987223286e-01,-4.848419155022914984e-01,2.009609845690476515e+00
-3.935968033562775581e-01,-4.856425365213420386e-01,2.020019550805907116e+00
-3.921286704133559731e-01,-4.862591317243556421e-01,2.030287571949035197e+00
-3.906308604381933947e-01,-4.866890422436799257e-01,2.040412910692833925e+00
-3.891024713156592263e-01,-4.869295357665204271e-01,2.050394485841022352e+00
-3.875425642888865596e-01,-4.869778095654434535e-01,2.060231134891485016e+00
-3.859501620944558731e-01,-4.868309938138511983e-01,2.069921615563950823e+00
-3.843242469836019026e-01,-4.864861552112242915e-01,2.079464607407468080e+00
-3.826637586213181841e-01,-4.859403009431582099e-01,2.088858713503379150e+00
-3.826637586213181841e-01,-4.859403009431582099e-01,2.088858713503379150e+00
-3.809675918559363161e-01,-4.851903830014676622e-01,2.098102462278837343e+00
-3.792345943524697560e-01,-4.842333028898335723e-01,2.107194309445402425e+00
-3.774635640688139837e-01,-4.830659167395354725e-01,2.116132640084771310e+00
-3.756532465714821356e-01,-4.816850408601893729e-01,2.124915770893020195e+00
-3.738023321785215458e-01,-4.800874577495617412e-01,2.133541952599514069e+00
-3.719094529154003403e-01,-4.782699225858431102e-01,2.142009372576914927e+00
-3.699731792695866162e-01,-4.762291702244445535e-01,2.150316157657884197e+00
-3.679920167283037280e-01,-4.739619227204443508e-01,2.158460377173713418e+00
-3.659644020825805200e-01,-4.669637748960775436e-01,2.166440046229674898e+00
-3.659644020825805200e-01,-4.669637748960775436e-01,2.166440046229674898e+00
-3.638886994785939244e-01,-4.485421907718591950e-01,2.174253129231263237e+00
-3.617631961957203934e-01,-4.301416992859776744e-01,2.181897543674882201e+00
-3.595860981342129392e-01,-4.117674916564333376e-01,2.189371164215286214e+00
-3.573555249833266778e-01,-3.934249843916122202e-01,2.196671827020977297e+00
-3.550695050448822165e-01,-3.751198157101149899e-01,2.203797334427785692e+00
-3.527259696844957659e-01,-3.568578410004952239e-01,2.210745459899224663e+00
-3.503227473793368851e-01,-3.386451272765964582e-01,2.217513953300485063e+00
-3.478575573283020361e-01,-3.204879465888978984e-01,2.224100546491030173e+00
-3.453280025872262904e-01,-3.023927683580411863e-01,2.230502959238637839e+00
-3.015289456560439341e-01,-2.768062522206067300e-01,2.266329192628769196e+00
-2.949644531953512505e-01,-3.222954874203705078e-01,2.249968562239715641e+00
-2.887910432343989697e-01,-3.680411382395165631e-01,2.232546750536568148e+00
-2.829763735489270182e-01,-4.139275468669143532e-01,2.214109541687531379e+00
-2.774913690523641563e-01,-4.598479576192597840e-01,2.194703237057899159e+00
-2.723098300769031255e-01,-5.057051007739366000e-01,2.174374085827367686e+00
-2.674080941301033576e-01,-5.294460649497554350e-01,2.153167810545612681e+00
-2.627647430265360740e-01,-5.314865633133705192e-01,2.131129223119216487e+00
-2.583603486234946622e-01,-5.323219468470452576e-01,2.108301924244715853e+00
-2.541772514877980171e-01,-5.320106791746151975e-01,2.084728077787892708e+00
-2.541772514877980171e-01,-5.320106791746151975e-01,2.084728077787892708e+00
-2.501993677290177409e-01,-5.306100221136248463e-01,2.060448250897098710e+00
-2.464120199872632533e-01,-5.281756348570455506e-01,2.035501310550544396e+00
-2.428017891888347712e-01,-5.247612773927057273e-01,2.009924367602594408e+00
-2.393563842035759670e-01,-5.204186026577029001e-01,1.983752760062420739e+00
-2.360645269719068295e-01,-5.151970229411507729e-01,1.957020068183743966e+00
-2.329158510326840847e-01,-5.091436373991263808e-01,1.929758154872447173e+00
-2.299008116874707852e-01,-5.023032090592942644e-01,1.901997225859067608e+00
-2.270106062926791068e-01,-4.947181812433159021e-01,1.873765904988095921e+00
-2.242371033865926400e-01,-4.864287248379731698e-01,1.845091320816208080e+00
-2.242371033868222341e-01,-4.864287248379391970e-01,1.845091320816095726e+00
-2.215727795405824097e-01,-4.774728092470728047e-01,1.815999201470905655e+00
-2.190106629763706181e-01,-4.678862911268151237e-01,1.786513975396109899e+00
-2.165442831266348733e-01,-4.577030161348820680e-01,1.756658876201501851e+00
-2.141676254197810714e-01,-4.469549299068992232e-01,1.726456050341247384e+00
-2.118750906724118366e-01,-4.356721953226672106e-01,1.695926666789909998e+00
-2.096614585492768690e-01,-4.238833138509371379e-01,1.665091028267686513e+00
-2.075218546215498172e-01,-4.116152493785706357e-01,1.633968683899530872e+00
-2.054517206136301510e-01,-3.988935534548129214e-01,1.602578543488758722e+00
-2.034467874799328335e-01,-3.857424913294502655e-01,1.570938993854541943e+00
-2.034467874797609710e-01,-3.857424913294904556e-01,1.570938993854636978e+00
-2.015032327781756116e-01,-3.721990902023748493e-01,1.539100391195870721e+00
-1.996170636063947512e-01,-3.582735964759151681e-01,1.507051530203637801e+00
-1.977844563701194325e-01,-3.439527647612768968e-01,1.474732928257413533e+00
-1.960020981303429721e-01,-3.292275227216096001e-01,1.442101311932020957e+00
-1.942670397421815132e-01,-3.140916267322858557e-01,1.409124570923315334e+00
-1.925765966772687854e-01,-2.985395524968778025e-01,1.375775873773947167e+00
-1.909282895367292454e-01,-2.825635955300833668e-01,1.342026837774448200e+00
-1.893198177707318131e-01,-2.661501158438691617e-01,1.307839593957777158e+00
-1.877490613070822434e-01,-2.492748150921232364e-01,1.273157524871536550e+00
-1.877490613070822434e-01,-2.492748150921232364e-01,1.273157524871536550e+00
-1.862140971675381174e-01,-2.319018512713965086e-01,1.237904403172168655e+00
-1.847131685026246473e-01,-2.139983684623001370e-01,1.202014246967979094e+00
-1.832446523115782711e-01,-1.955266536782054310e-01,1.165415016378267055e+00
-1.818070557677073928e-01,-1.764394738563234144e-01,1.128019687966084650e+00
-1.803990108298267891e-01,-1.566787739698016768e-01,1.089724407689299124e+00
-1.790192664708505355e-01,-1.361739526055038008e-01,1.050405963145194299e+00
-1.776666788791989582e-01,-1.148395271373675586e-01,1.009918284296055901e+00
-1.763401999314964108e-01,-9.257190450252872349e-02,9.680875308608305474e-01
-1.750388641897351327e-01,-6.924481441463081755e-02,9.247050750311962553e-01
-1.750388641897351327e-01,-6.924481441463081755e-02,9.247050750311962553e-01
-1.737617803047011300e-01,-4.470170384254823492e-02,8.795154561258557990e-01
-1.725081419155971574e-01,-1.874135225133533034e-02,8.321929510758270254e-01
-1.712772154704969019e-01,8.898447615474536221e-03,7.823164070595960418e-01
-1.700683310100767898e-01,3.856856980074502284e-02,7.293260151868223851e-01
-1.688808775765058279e-01,7.075692835893959698e-02,6.724474940967084535e-01
-1.677142993170961383e-01,1.061772934396846280e-01,6.105530202939957185e-01
-1.665680922037950928e-01,1.459495992128519992e-01,5.418791215973541853e-01
-1.654418012984470998e-01,1.920226867497870082e-01,4.633657200035457002e-01
-1.643350185012684150e-01,2.484199191529834483e-01,3.687099002190166175e-01
0.000000000000000000e+00,-0.000000000000000000e+00,-0.000000000000000000e+00
2.089710932865319198e-02,-1.481449745049150330e-03,-7.393085725771093592e-04
4.177940725111024128e-02,-5.909013562627864723e-03,-2.948857628768398933e-03
6.263209285917022140e-02,-1.323252538551829456e-02,-6.603612094876243170e-03
8.344038623318184023e-02,-2.336900689844019149e-02,-1.166216214243382364e-02
1.041895389177217579e-01,-3.620360771551971169e-02,-1.806719237810830783e-02
1.248648443749715842e-01,-5.159090668105300453e-02,-2.574613125000924096e-02
1.454516484083847871e-01,-6.935655954930793066e-02,-3.461197331236973151e-02
1.659353595492550904e-01,-8.929927437449239336e-02,-4.456426503201246087e-02
1.863014593988251422e-01,-1.111930922289325885e-01,-5.549024296701989684e-02
2.065355129186041971e-01,-1.347899474080119786e-01,-6.726611142158915591e-02
2.266231786616025312e-01,-1.598224781137266570e-01,-7.975844510073167026e-02
2.465502189372298369e-01,-1.860070557706891281e-01,-9.282570087217946464e-02
2.663025099026538056e-01,-2.130469986512196212e-01,-1.063198215066315927e-01
2.858660515734654517e-01,-2.406359333978688453e-01,-1.200879132253226955e-01
3.052269777465567158e-01,-2.684612663559781121e-01,-1.339739780476296160e-01
3.243715658281768333e-01,-2.962077253846932545e-01,-1.478206813105256978e-01
3.432862465602015134e-01,-3.235609320162965430e-01,-1.614711343331804716e-01
3.619576136377207765e-01,-3.502109634898649682e-01,-1.747706720284029625e-01
3.803724332111304007e-01,-3.758558642999906829e-01,-1.875686053198806214e-01
3.985176532659893134e-01,-4.002050674733126367e-01,-1.997199285096263877e-01
4.163804128739977961e-01,-4.229826868084291536e-01,-2.110869622504780163e-01
4.339480513085368640e-01,-4.439306427767985563e-01,-2.215409135081155279e-01
4.512081170183094847e-01,-4.628115866669205158e-01,-2.309633348376027850e-01
4.681483764527236135e-01,-4.794115898400777009e-01,-2.392474664402682027e-01
4.847568227327606616e-01,-4.935425676272934825e-01,-2.462994457948825822e-01
5.010216841611837557e-01,-5.050444104037865589e-01,-2.520393711575301676e-01
5.169314325660554488e-01,-5.137867976949959115e-01,-2.564022068802943588e-01
5.324747914716486674e-01,-5.196706747596315790e-01,-2.593385202911354659e-01
5.476407440909630830e-01,-5.226293749194732552e-01,-2.608150417858174364e-01
5.624185411341774410e-01,-5.226293749194732552e-01,-2.608150417858174364e-01
5.767977084275078825e-01,-5.196706747596315790e-01,-2.593385202911354659e-01
5.907680543370686932e-01,-5.137867976949959115e-01,-2.564022068802943588e-01
6.043196769924764622e-01,-5.050444104037865589e-01,-2.520393711575301676e-01
6.174429713050743063e-01,-4.935425676272934825e-01,-2.462994457948825822e-01
6.301286357758065781e-01,-4.794115898400776454e-01,-2.392474664402681750e-01
6.423676790879127019e-01,-4.628115866669204603e-01,-2.309633348376027573e-01
6.541514264797743117e-01,-4.439306427767985563e-01,-2.215409135081155279e-01
6.654715258933916466e-01,-4.229826868084292646e-01,-2.110869622504780718e-01
6.763199538941377931e-01,-4.002050674733126923e-01,-1.997199285096264154e-01
6.866890213575895796e-01,-3.758558642999907384e-01,-1.875686053198806491e-01
6.965713789194086791e-01,-3.502109634898650237e-01,-1.747706720284029902e-01
7.059600221844071211e-01,-3.235609320162966540e-01,-1.614711343331805271e-01
7.148482966911068326e-01,-2.962077253846933655e-01,-1.478206813105257533e-01
7.232299026282742460e-01,-2.684612663559780010e-01,-1.339739780476295605e-01
7.310988993000856473e-01,-2.406359333978686788e-01,-1.200879132253225984e-01
7.384497093367612397e-01,-2.130469986512195102e-01,-1.063198215066315372e-01
7.452771226476793132e-01,-1.860070557706890171e-01,-9.282570087217942301e-02
7.515763001141743116e-01,-1.598224781137265738e-01,-7.975844510073161475e-02
7.573427770193950082e-01,-1.347899474080119231e-01,-6.726611142158912815e-02
7.625724662127973952e-01,-1.111930922289325607e-01,-5.549024296701988296e-02
7.672616610070254195e-01,-8.929927437449236560e-02,-4.456426503201244005e-02
7.714070378051289811e-01,-6.935655954930790290e-02,-3.461197331236971764e-02
7.750056584562554640e-01,-5.159090668105285882e-02,-2.574613125000916811e-02
7.780549723381456895e-01,-3.620360771551960066e-02,-1.806719237810824885e-02
7.805528181649576958e-01,-2.336900689844021925e-02,-1.166216214243383752e-02
7.824974255191389227e-01,-1.323252538551823732e-02,-6.603612094876213680e-03
7.838874161062581170e-01,-5.909013562627836100e-03,-2.948857628768384621e-03
7.847218047319103329e-01,-1.481449745049150330e-03,-7.393085725771093592e-04
7.850000000000000311e-01,-0.000000000000000000e+00,-0.000000000000000000e+00
4.962407679233948876e-01,-4.534074213189032143e-01,1.754836017171917950e+00
4.826153947123903443e-01,-4.608338959065757523e-01,1.776639735690162647e+00
4.686372267914262757e-01,-4.677916319574300097e-01,1.797774971900328422e+00
4.543006571676291294e-01,-4.742898061816248623e-01,1.818247832454954693e+00
4.396004507898805258e-01,-4.803378220461458348e-01,1.838063751304607862e+00
4.245318054824864795e-01,-4.859454209613696118e-01,1.857227620841466198e+00
4.090904169417544090e-01,-4.911227840019045665e-01,1.875743913790356876e+00
3.932725476163732026e-01,-4.958806238008550693e-01,1.893616796702447092e+00
3.770750991944908925e-01,-5.002302660253680200e-01,1.910850235623862359e+00
3.604956883093777265e-01,-5.041837196539220578e-01,1.927448094271559054e+00
3.604956883093777265e-01,-5.041837196539221688e-01,1.927448094271558610e+00
3.435327253980036133e-01,-5.077537350894045787e-01,1.943414224640736876e+00
3.261854962318340156e-01,-5.109538491242417990e-01,1.958752550053768138e+00
3.084542420276545904e-01,-5.137984159860924382e-01,1.973467141916163570e+00
2.903402414444413715e-01,-5.163026229132976486e-01,1.987562287731969413e+00
2.718458923971178720e-01,-5.184824894997653866e-01,2.001042550779449591e+00
2.529747918968809905e-01,-5.203548500369837848e-01,2.013912821390188679e+00
2.337318125149612236e-01,-5.219373182035942360e-01,2.026178359493929104e+00
2.141231739306164172e-01,-5.232482337072644762e-01,2.037844828136046171e+00
1.941565079085094681e-01,-5.243065907940639425e-01,2.048918317752666862e+00
1.941565079085090240e-01,-5.243065907940628323e-01,2.048918317752667306e+00
1.738409109826095644e-01,-5.251319489518597727e-01,2.059405361820095592e+00
1.531869818567788144e-01,-5.257443263716781168e-01,2.069312943386728776e+00
1.322068710756041376e-01,-5.261640770820534829e-01,2.078648488011974216e+00
1.109143026958667733e-01,-5.264117539987639427e-01,2.087419851795507597e+00
8.932457543131855360e-02,-5.265079594178907474e-01,2.095635301697520880e+00
6.745454671733996932e-02,-5.264731853232780256e-01,2.103303487770716629e+00
4.532259853228381985e-02,-5.263276463772982305e-01,2.110433408252836873e+00
2.294858412979206008e-02,-5.260911087798777475e-01,2.117034368634747032e+00
3.537552135250976448e-04,-5.257827184184002967e-01,2.123115935959776213e+00
3.537552135250976448e-04,-5.257827184184036273e-01,2.123115935959775769e+00
-2.243250023709153496e-02,-5.254208224053606990e-01,2.128688021347571180e+00
-4.539261542945238759e-02,-5.250228069119997620e-01,2.133760723082954058e+00
-6.851727147685071628e-02,-5.246050459975253322e-01,2.138343228865057011e+00
-9.179174515435839510e-02,-5.241827999490518142e-01,2.142443966284206081e+00
-1.151972525806121972e-01,-5.237700867089860601e-01,2.146070886350293971e+00
-1.387123826186975606e-01,-5.233795612096925343e-01,2.149231580376588013e+00
-1.623145911578136591e-01,-5.230224200734263640e-01,2.151933237163023538e+00
-1.859817243840029555e-01,-5.227083442646676126e-01,2.154182446051527755e+00
-2.096935370994708059e-01,-5.224454866949612697e-01,2.155984849972353068e+00
-2.096935370994708059e-01,-5.224454866949612697e-01,2.155984849972353068e+00
-2.334314757763711334e-01,-5.222404568569740668e-01,2.157344970636048576e+00
-2.571733710295731612e-01,-5.220981472515819899e-01,2.158267127275207642e+00
-2.808963975144087577e-01,-5.220217537675235775e-01,2.158755109182529441e+00
-3.045783764164635699e-01,-5.220128077705703529e-01,2.158811940322865830e+00
-3.281977153899959809e-01,-5.220711900587002852e-01,2.158439873869545611e+00
-3.517333459964260278e-01,-5.221951552254378015e-01,2.157640411653964474e+00
-3.751646611734789083e-01,-5.223813662047760431e-01,2.156414348197589703e+00
-3.984714551718422371e-01,-5.226249392528117266e-01,2.154761839083453090e+00
-4.216338682097378054e-01,-5.229195000681396976e-01,2.152682493505757133e+00
-4.216338682097378054e-01,-5.229195000681396976e-01,2.152682493505757133e+00
-4.446325383918940943e-01,-5.232572622868618684e-01,2.150175413341579578e+00
-4.674493330312929906e-01,-5.236291483759309973e-01,2.147238987967874824e+00
-4.900670699207450021e-01,-5.240248687824884399e-01,2.143871029355481461e+00
-5.124694456569023338e-01,-5.244330171777105143e-01,2.140068861085180352e+00
-5.346411164610755939e-01,-5.248411794401510733e-01,2.135829350282160810e+00
-5.565677658163186159e-01,-5.252360463272278679e-01,2.131148937262285603e+00
-5.782361586031226075e-01,-5.256035277885855450e-01,2.126023662087085597e+00
-5.996341817066173085e-01,-5.259288668796666677e-01,2.120449187234122679e+00
-6.207508713371363562e-01,-5.261967512882317344e-01,2.114420815617699567e+00
